0 0.169444 0.066875 0.150000 0.021250
0 0.419444 0.068750 0.118889 0.017500
0 0.669444 0.066875 0.121111 0.021250
0 0.918889 0.068125 0.115556 0.021250
0 0.168889 0.136875 0.120000 0.021250
0 0.419444 0.140625 0.127778 0.021250
0 0.669444 0.137500 0.125556 0.020000
0 0.919444 0.136250 0.105556 0.022500
0 0.168889 0.211875 0.111111 0.016250
0 0.419444 0.211875 0.105556 0.023750
0 0.669444 0.211875 0.103333 0.018750
0 0.918889 0.213750 0.126667 0.020000
0 0.169444 0.282500 0.118889 0.022500
0 0.418889 0.283125 0.133333 0.021250
0 0.669444 0.285000 0.134444 0.025000
0 0.919444 0.286250 0.090000 0.017500
0 0.169444 0.361875 0.116667 0.018750
0 0.419444 0.359375 0.143333 0.021250
0 0.669444 0.360625 0.123333 0.021250
0 0.919444 0.361250 0.105556 0.020000
0 0.169444 0.433125 0.130000 0.018750
0 0.418889 0.430625 0.088889 0.018750
0 0.668889 0.430625 0.113333 0.023750
0 0.918889 0.429375 0.133333 0.021250
0 0.169444 0.504375 0.130000 0.023750
0 0.418889 0.503750 0.115556 0.022500
0 0.669444 0.504375 0.130000 0.023750
0 0.919444 0.507500 0.127778 0.017500
0 0.168889 0.580625 0.120000 0.021250
0 0.419444 0.577500 0.101111 0.022500
0 0.668889 0.578125 0.144444 0.023750
0 0.919444 0.577500 0.143333 0.022500
0 0.168889 0.650625 0.120000 0.021250
0 0.419444 0.656250 0.143333 0.017500
0 0.669444 0.653125 0.103333 0.018750
0 0.919444 0.654375 0.110000 0.021250
0 0.168889 0.721250 0.120000 0.022500
0 0.419444 0.723750 0.130000 0.025000
0 0.669444 0.722500 0.130000 0.022500
0 0.918889 0.724375 0.117778 0.023750
0 0.168889 0.801250 0.135556 0.017500
0 0.419444 0.797500 0.114444 0.022500
0 0.668889 0.797500 0.120000 0.022500
0 0.919444 0.798125 0.130000 0.023750
0 0.169444 0.873750 0.123333 0.025000
0 0.419444 0.874375 0.114444 0.018750
0 0.668889 0.870625 0.120000 0.021250
0 0.919444 0.871250 0.143333 0.022500
0 0.168889 0.948125 0.084444 0.016250
0 0.418889 0.947500 0.111111 0.022500
0 0.668889 0.946875 0.111111 0.023750
0 0.918889 0.945625 0.120000 0.021250