0 0.169444 0.069375 0.114444 0.018750
0 0.418889 0.066250 0.131111 0.020000
0 0.668889 0.066250 0.120000 0.022500
0 0.918889 0.068125 0.111111 0.016250
0 0.168889 0.138125 0.146667 0.021250
0 0.419444 0.141250 0.107778 0.017500
0 0.668889 0.139375 0.144444 0.023750
0 0.919444 0.137500 0.118889 0.022500
0 0.168889 0.216250 0.120000 0.017500
0 0.418889 0.213750 0.144444 0.022500
0 0.668889 0.212500 0.146667 0.022500
0 0.919444 0.214375 0.136667 0.021250
0 0.169444 0.284375 0.130000 0.023750
0 0.418889 0.285000 0.106667 0.022500
0 0.668889 0.286250 0.144444 0.025000
0 0.918889 0.285625 0.144444 0.023750
0 0.169444 0.361250 0.105556 0.022500
0 0.419444 0.361250 0.130000 0.022500
0 0.669444 0.360000 0.143333 0.022500
0 0.919444 0.361875 0.103333 0.018750
0 0.169444 0.435000 0.118889 0.022500
0 0.418889 0.434375 0.100000 0.016250
0 0.669444 0.432500 0.130000 0.025000
0 0.919444 0.433125 0.150000 0.021250
0 0.169444 0.506250 0.118889 0.022500
0 0.418889 0.510000 0.124444 0.025000
0 0.668889 0.506875 0.146667 0.021250
0 0.919444 0.507500 0.130000 0.022500
0 0.169444 0.583750 0.114444 0.025000
0 0.418889 0.582500 0.157778 0.022500
0 0.669444 0.585000 0.098889 0.020000
0 0.919444 0.583125 0.125556 0.026250
0 0.168889 0.658750 0.128889 0.022500
0 0.418889 0.658125 0.106667 0.021250
0 0.668889 0.658750 0.120000 0.022500
0 0.919444 0.658750 0.143333 0.022500
0 0.169444 0.730625 0.098889 0.018750
0 0.419444 0.731875 0.112222 0.021250
0 0.668889 0.732500 0.117778 0.017500
0 0.919444 0.736250 0.112222 0.017500
0 0.169444 0.801250 0.132222 0.022500
0 0.418889 0.801875 0.120000 0.021250
0 0.669444 0.804375 0.123333 0.021250
0 0.918889 0.802500 0.120000 0.022500
0 0.169444 0.875000 0.130000 0.022500
0 0.419444 0.874375 0.130000 0.023750
0 0.669444 0.875625 0.130000 0.021250
0 0.918889 0.873750 0.120000 0.022500
0 0.169444 0.952500 0.125556 0.020000
0 0.419444 0.951875 0.127778 0.021250
0 0.668889 0.948125 0.131111 0.018750
0 0.919444 0.950625 0.114444 0.021250