0 0.168889 0.065000 0.100000 0.020000
0 0.418889 0.069375 0.106667 0.016250
0 0.668889 0.066875 0.097778 0.018750
0 0.919444 0.068750 0.103333 0.017500
0 0.168889 0.135000 0.133333 0.020000
0 0.418889 0.138750 0.108889 0.017500
0 0.669444 0.136875 0.130000 0.021250
0 0.918889 0.135625 0.146667 0.021250
0 0.168889 0.208125 0.111111 0.026250
0 0.418889 0.208750 0.091111 0.017500
0 0.669444 0.207500 0.138889 0.020000
0 0.918889 0.210625 0.108889 0.016250
0 0.168889 0.283125 0.133333 0.021250
0 0.418889 0.286250 0.148889 0.025000
0 0.669444 0.287500 0.132222 0.017500
0 0.918889 0.283750 0.131111 0.020000
0 0.168889 0.359375 0.144444 0.023750
0 0.418889 0.363125 0.144444 0.018750
0 0.669444 0.358750 0.130000 0.022500
0 0.919444 0.363750 0.116667 0.017500
0 0.169444 0.435000 0.143333 0.022500
0 0.418889 0.433125 0.115556 0.023750
0 0.668889 0.433125 0.108889 0.023750
0 0.918889 0.431875 0.120000 0.021250
0 0.169444 0.508750 0.118889 0.022500
0 0.419444 0.505625 0.125556 0.021250
0 0.668889 0.510625 0.095556 0.021250
0 0.919444 0.506875 0.134444 0.021250
0 0.169444 0.582500 0.118889 0.020000
0 0.419444 0.579375 0.130000 0.023750
0 0.669444 0.578750 0.130000 0.022500
0 0.919444 0.582500 0.110000 0.020000
0 0.168889 0.652500 0.157778 0.022500
0 0.419444 0.653125 0.112222 0.021250
0 0.668889 0.653125 0.144444 0.023750
0 0.919444 0.654375 0.103333 0.018750
0 0.168889 0.726875 0.111111 0.023750
0 0.418889 0.726250 0.106667 0.022500
0 0.669444 0.726875 0.134444 0.023750
0 0.918889 0.725625 0.106667 0.021250
0 0.169444 0.800000 0.143333 0.022500
0 0.418889 0.800625 0.102222 0.021250
0 0.669444 0.805000 0.138889 0.017500
0 0.919444 0.801875 0.123333 0.021250
0 0.169444 0.875000 0.107778 0.025000
0 0.419444 0.872500 0.143333 0.022500
0 0.668889 0.875000 0.122222 0.017500
0 0.919444 0.871250 0.118889 0.022500
0 0.169444 0.948125 0.130000 0.023750
0 0.419444 0.947500 0.130000 0.022500
0 0.669444 0.946875 0.118889 0.023750
0 0.918889 0.947500 0.131111 0.020000