0 0.169444 0.066875 0.112222 0.021250
0 0.419444 0.068125 0.103333 0.018750
0 0.668889 0.069375 0.117778 0.018750
0 0.919444 0.065625 0.158889 0.021250
0 0.169444 0.138750 0.116667 0.022500
0 0.419444 0.138125 0.130000 0.023750
0 0.668889 0.142500 0.148889 0.017500
0 0.918889 0.137500 0.093333 0.020000
0 0.168889 0.213750 0.124444 0.017500
0 0.418889 0.211250 0.157778 0.022500
0 0.668889 0.211875 0.115556 0.023750
0 0.919444 0.213125 0.096667 0.021250
0 0.169444 0.287500 0.110000 0.017500
0 0.418889 0.284375 0.133333 0.021250
0 0.669444 0.285625 0.130000 0.023750
0 0.919444 0.286875 0.110000 0.018750
0 0.168889 0.358750 0.097778 0.020000
0 0.419444 0.358125 0.096667 0.023750
0 0.669444 0.361250 0.123333 0.025000
0 0.919444 0.358125 0.130000 0.023750
0 0.168889 0.437500 0.120000 0.020000
0 0.418889 0.432500 0.120000 0.022500
0 0.668889 0.438125 0.140000 0.018750
0 0.919444 0.433125 0.092222 0.018750
0 0.168889 0.508750 0.108889 0.020000
0 0.419444 0.506250 0.130000 0.022500
0 0.669444 0.510000 0.118889 0.020000
0 0.919444 0.508750 0.123333 0.025000
0 0.169444 0.580000 0.118889 0.022500
0 0.419444 0.581250 0.130000 0.022500
0 0.668889 0.581250 0.120000 0.020000
0 0.918889 0.580625 0.106667 0.021250
0 0.168889 0.656250 0.133333 0.025000
0 0.419444 0.653125 0.130000 0.023750
0 0.669444 0.655625 0.121111 0.023750
0 0.919444 0.652500 0.132222 0.022500
0 0.169444 0.728750 0.130000 0.025000
0 0.418889 0.731875 0.122222 0.018750
0 0.669444 0.731250 0.123333 0.025000
0 0.919444 0.729375 0.143333 0.021250
0 0.169444 0.803750 0.118889 0.025000
0 0.419444 0.805625 0.101111 0.018750
0 0.669444 0.803750 0.130000 0.025000
0 0.919444 0.804375 0.130000 0.023750
0 0.168889 0.879375 0.124444 0.023750
0 0.419444 0.878750 0.143333 0.022500
0 0.669444 0.879375 0.130000 0.023750
0 0.918889 0.881250 0.106667 0.020000
0 0.169444 0.955000 0.098889 0.020000
0 0.419444 0.951250 0.105556 0.022500
0 0.668889 0.954375 0.131111 0.023750
0 0.919444 0.955000 0.130000 0.025000