0 0.169444 0.066875 0.125556 0.026250
0 0.418889 0.066875 0.115556 0.023750
0 0.668889 0.068125 0.146667 0.023750
0 0.919444 0.068750 0.143333 0.022500
0 0.168889 0.141250 0.133333 0.022500
0 0.418889 0.141875 0.113333 0.023750
0 0.669444 0.145625 0.127778 0.021250
0 0.918889 0.142500 0.115556 0.022500
0 0.168889 0.216875 0.124444 0.023750
0 0.418889 0.220000 0.108889 0.015000
0 0.668889 0.215000 0.146667 0.022500
0 0.919444 0.216875 0.107778 0.023750
0 0.169444 0.290000 0.101111 0.022500
0 0.419444 0.291875 0.114444 0.021250
0 0.668889 0.290000 0.126667 0.022500
0 0.919444 0.290625 0.130000 0.023750
0 0.169444 0.363750 0.125556 0.020000
0 0.418889 0.364375 0.115556 0.023750
0 0.669444 0.366875 0.096667 0.018750
0 0.918889 0.367500 0.135556 0.017500
0 0.169444 0.438750 0.130000 0.022500
0 0.419444 0.436875 0.125556 0.023750
0 0.669444 0.437500 0.101111 0.020000
0 0.918889 0.436875 0.120000 0.021250
0 0.169444 0.516250 0.138889 0.017500
0 0.419444 0.514375 0.105556 0.018750
0 0.668889 0.510000 0.106667 0.022500
0 0.918889 0.511250 0.106667 0.022500
0 0.169444 0.586250 0.123333 0.025000
0 0.419444 0.583750 0.092222 0.020000
0 0.669444 0.586250 0.118889 0.022500
0 0.919444 0.586875 0.125556 0.016250
0 0.169444 0.659375 0.116667 0.023750
0 0.418889 0.658125 0.111111 0.023750
0 0.669444 0.659375 0.112222 0.021250
0 0.918889 0.658750 0.120000 0.020000
0 0.168889 0.731875 0.106667 0.021250
0 0.418889 0.731250 0.106667 0.022500
0 0.668889 0.736250 0.124444 0.017500
0 0.919444 0.736250 0.127778 0.020000
0 0.169444 0.805000 0.143333 0.022500
0 0.418889 0.806875 0.100000 0.016250
0 0.669444 0.805000 0.130000 0.022500
0 0.919444 0.806250 0.123333 0.025000
0 0.168889 0.881250 0.097778 0.017500
0 0.418889 0.879375 0.113333 0.021250
0 0.669444 0.882500 0.125556 0.025000
0 0.919444 0.881875 0.110000 0.021250
0 0.168889 0.955625 0.113333 0.023750
0 0.419444 0.956250 0.130000 0.022500
0 0.668889 0.953750 0.120000 0.022500
0 0.919444 0.956250 0.130000 0.025000