0 0.169444 0.069375 0.125556 0.016250
0 0.419444 0.066875 0.101111 0.021250
0 0.668889 0.066875 0.115556 0.023750
0 0.918889 0.069375 0.124444 0.016250
0 0.168889 0.141875 0.095556 0.018750
0 0.419444 0.140625 0.107778 0.023750
0 0.668889 0.143750 0.124444 0.017500
0 0.918889 0.139375 0.120000 0.021250
0 0.169444 0.213750 0.130000 0.022500
0 0.419444 0.216875 0.098889 0.018750
0 0.668889 0.217500 0.133333 0.017500
0 0.919444 0.213750 0.143333 0.022500
0 0.169444 0.286875 0.130000 0.023750
0 0.419444 0.286250 0.143333 0.022500
0 0.668889 0.285625 0.120000 0.021250
0 0.918889 0.286250 0.115556 0.025000
0 0.168889 0.360000 0.106667 0.022500
0 0.418889 0.361250 0.128889 0.022500
0 0.669444 0.361250 0.114444 0.022500
0 0.919444 0.363750 0.143333 0.022500
0 0.169444 0.433750 0.130000 0.022500
0 0.418889 0.433125 0.113333 0.023750
0 0.669444 0.433125 0.101111 0.018750
0 0.918889 0.438125 0.135556 0.016250
0 0.169444 0.508125 0.158889 0.023750
0 0.419444 0.511250 0.116667 0.020000
0 0.669444 0.508125 0.158889 0.023750
0 0.918889 0.508125 0.144444 0.023750
0 0.169444 0.580000 0.118889 0.022500
0 0.418889 0.585625 0.106667 0.021250
0 0.669444 0.583750 0.107778 0.017500
0 0.919444 0.581875 0.107778 0.021250
0 0.169444 0.655625 0.114444 0.021250
0 0.419444 0.655625 0.121111 0.023750
0 0.668889 0.654375 0.126667 0.023750
0 0.919444 0.657500 0.130000 0.020000
0 0.169444 0.730000 0.123333 0.025000
0 0.419444 0.728125 0.114444 0.021250
0 0.668889 0.728125 0.144444 0.023750
0 0.919444 0.726875 0.125556 0.023750
0 0.168889 0.804375 0.111111 0.016250
0 0.418889 0.805000 0.148889 0.025000
0 0.669444 0.802500 0.130000 0.022500
0 0.918889 0.803750 0.144444 0.022500
0 0.168889 0.880000 0.106667 0.017500
0 0.418889 0.878125 0.111111 0.023750
0 0.669444 0.881875 0.121111 0.016250
0 0.919444 0.876875 0.118889 0.023750
0 0.169444 0.952500 0.118889 0.025000
0 0.418889 0.955000 0.120000 0.020000
0 0.669444 0.954375 0.105556 0.018750
0 0.919444 0.952500 0.116667 0.022500