0 0.168889 0.066250 0.128889 0.022500
0 0.419444 0.068750 0.118889 0.022500
0 0.669444 0.065625 0.130000 0.023750
0 0.919444 0.065000 0.118889 0.022500
0 0.168889 0.140625 0.144444 0.023750
0 0.419444 0.140000 0.143333 0.022500
0 0.668889 0.143125 0.115556 0.016250
0 0.918889 0.140625 0.126667 0.021250
0 0.169444 0.213750 0.143333 0.022500
0 0.419444 0.214375 0.143333 0.021250
0 0.669444 0.217500 0.130000 0.020000
0 0.919444 0.215625 0.130000 0.021250
0 0.169444 0.286250 0.150000 0.020000
0 0.418889 0.286250 0.157778 0.022500
0 0.669444 0.286875 0.134444 0.021250
0 0.919444 0.286875 0.114444 0.021250
0 0.169444 0.359375 0.112222 0.021250
0 0.418889 0.361250 0.126667 0.017500
0 0.668889 0.362500 0.113333 0.017500
0 0.918889 0.357500 0.106667 0.022500
0 0.168889 0.431250 0.120000 0.020000
0 0.418889 0.431875 0.115556 0.023750
0 0.669444 0.432500 0.103333 0.025000
0 0.919444 0.431250 0.143333 0.022500
0 0.168889 0.505625 0.113333 0.021250
0 0.419444 0.505000 0.105556 0.022500
0 0.669444 0.506250 0.118889 0.025000
0 0.918889 0.510000 0.128889 0.020000
0 0.168889 0.581250 0.115556 0.025000
0 0.418889 0.581250 0.128889 0.022500
0 0.669444 0.581875 0.141111 0.021250
0 0.918889 0.581250 0.120000 0.020000
0 0.168889 0.655625 0.106667 0.021250
0 0.418889 0.660000 0.126667 0.020000
0 0.668889 0.655000 0.146667 0.022500
0 0.919444 0.660000 0.134444 0.020000
0 0.168889 0.730000 0.091111 0.017500
0 0.419444 0.733750 0.141111 0.017500
0 0.669444 0.731875 0.110000 0.021250
0 0.918889 0.731250 0.106667 0.025000
0 0.169444 0.803125 0.130000 0.023750
0 0.419444 0.802500 0.132222 0.022500
0 0.669444 0.806875 0.118889 0.018750
0 0.918889 0.804375 0.144444 0.023750
0 0.168889 0.877500 0.128889 0.022500
0 0.419444 0.878125 0.130000 0.023750
0 0.669444 0.880000 0.107778 0.017500
0 0.919444 0.878125 0.098889 0.021250
0 0.168889 0.951250 0.157778 0.022500
0 0.419444 0.951875 0.101111 0.023750
0 0.668889 0.953750 0.131111 0.025000
0 0.919444 0.951250 0.130000 0.022500