0 0.168889 0.066250 0.120000 0.022500
0 0.418889 0.066875 0.144444 0.023750
0 0.668889 0.065625 0.088889 0.021250
0 0.918889 0.066875 0.115556 0.023750
0 0.169444 0.142500 0.143333 0.022500
0 0.419444 0.142500 0.107778 0.020000
0 0.668889 0.140625 0.144444 0.023750
0 0.919444 0.143750 0.107778 0.017500
0 0.169444 0.212500 0.118889 0.022500
0 0.418889 0.213125 0.120000 0.021250
0 0.669444 0.217500 0.145556 0.020000
0 0.919444 0.217500 0.112222 0.017500
0 0.168889 0.286875 0.115556 0.023750
0 0.419444 0.285000 0.132222 0.022500
0 0.669444 0.288125 0.121111 0.016250
0 0.919444 0.286875 0.116667 0.023750
0 0.169444 0.360000 0.143333 0.022500
0 0.419444 0.360625 0.158889 0.023750
0 0.669444 0.362500 0.110000 0.017500
0 0.918889 0.361250 0.144444 0.022500
0 0.168889 0.436250 0.108889 0.025000
0 0.419444 0.433750 0.130000 0.022500
0 0.669444 0.432500 0.132222 0.022500
0 0.919444 0.435625 0.123333 0.021250
0 0.169444 0.509375 0.130000 0.021250
0 0.418889 0.512500 0.135556 0.017500
0 0.668889 0.511875 0.100000 0.018750
0 0.918889 0.510625 0.111111 0.016250
0 0.168889 0.580625 0.144444 0.023750
0 0.418889 0.580625 0.144444 0.023750
0 0.668889 0.578750 0.120000 0.022500
0 0.919444 0.580625 0.114444 0.021250
0 0.168889 0.654375 0.111111 0.023750
0 0.418889 0.655625 0.111111 0.016250
0 0.668889 0.656875 0.106667 0.018750
0 0.919444 0.653750 0.130000 0.022500
0 0.169444 0.728125 0.130000 0.023750
0 0.419444 0.729375 0.136667 0.021250
0 0.668889 0.730625 0.115556 0.021250
0 0.919444 0.730000 0.105556 0.020000
0 0.168889 0.801875 0.144444 0.023750
0 0.418889 0.800625 0.133333 0.021250
0 0.669444 0.801875 0.130000 0.021250
0 0.919444 0.801250 0.130000 0.022500
0 0.168889 0.874375 0.133333 0.021250
0 0.418889 0.876250 0.113333 0.025000
0 0.669444 0.874375 0.130000 0.023750
0 0.918889 0.876250 0.104444 0.017500
0 0.169444 0.950000 0.130000 0.022500
0 0.419444 0.950000 0.101111 0.020000
0 0.668889 0.953750 0.117778 0.020000
0 0.918889 0.951250 0.104444 0.017500