0 0.169444 0.069375 0.123333 0.016250
0 0.418889 0.068750 0.131111 0.017500
0 0.669444 0.066250 0.118889 0.025000
0 0.918889 0.069375 0.120000 0.018750
0 0.169444 0.141250 0.081111 0.020000
0 0.418889 0.143125 0.111111 0.016250
0 0.669444 0.145000 0.127778 0.020000
0 0.918889 0.140625 0.120000 0.021250
0 0.168889 0.211875 0.146667 0.021250
0 0.418889 0.211875 0.120000 0.021250
0 0.669444 0.215000 0.136667 0.025000
0 0.918889 0.213750 0.091111 0.017500
0 0.169444 0.287500 0.118889 0.025000
0 0.418889 0.288750 0.140000 0.022500
0 0.669444 0.288125 0.130000 0.023750
0 0.919444 0.287500 0.130000 0.025000
0 0.168889 0.365625 0.120000 0.021250
0 0.419444 0.365625 0.121111 0.016250
0 0.669444 0.363125 0.130000 0.023750
0 0.919444 0.365625 0.123333 0.016250
0 0.168889 0.439375 0.111111 0.021250
0 0.418889 0.438750 0.133333 0.025000
0 0.669444 0.436250 0.092222 0.020000
0 0.919444 0.436250 0.143333 0.022500
0 0.169444 0.515000 0.125556 0.020000
0 0.419444 0.511250 0.141111 0.022500
0 0.668889 0.515000 0.120000 0.020000
0 0.918889 0.513125 0.111111 0.016250
0 0.168889 0.583750 0.115556 0.025000
0 0.418889 0.582500 0.120000 0.022500
0 0.668889 0.585000 0.117778 0.017500
0 0.919444 0.586875 0.123333 0.016250
0 0.168889 0.660000 0.104444 0.017500
0 0.419444 0.658750 0.092222 0.022500
0 0.669444 0.660625 0.123333 0.021250
0 0.918889 0.662500 0.124444 0.017500
0 0.168889 0.731250 0.131111 0.020000
0 0.419444 0.730000 0.118889 0.022500
0 0.668889 0.730625 0.157778 0.021250
0 0.918889 0.731875 0.144444 0.023750
0 0.169444 0.808125 0.121111 0.016250
0 0.418889 0.803750 0.106667 0.022500
0 0.669444 0.807500 0.101111 0.017500
0 0.918889 0.805625 0.111111 0.023750
0 0.168889 0.878750 0.093333 0.020000
0 0.418889 0.879375 0.126667 0.021250
0 0.668889 0.878125 0.120000 0.021250
0 0.918889 0.880000 0.104444 0.017500
0 0.168889 0.948750 0.120000 0.022500
0 0.419444 0.951250 0.130000 0.022500
0 0.668889 0.953750 0.126667 0.020000
0 0.919444 0.950000 0.130000 0.022500