0 0.169444 0.066250 0.143333 0.022500
0 0.419444 0.066875 0.107778 0.021250
0 0.669444 0.067500 0.114444 0.025000
0 0.918889 0.065625 0.137778 0.021250
0 0.169444 0.142500 0.096667 0.017500
0 0.419444 0.142500 0.130000 0.022500
0 0.668889 0.141250 0.157778 0.022500
0 0.918889 0.144375 0.100000 0.018750
0 0.168889 0.213125 0.097778 0.018750
0 0.419444 0.215625 0.101111 0.021250
0 0.669444 0.214375 0.114444 0.021250
0 0.919444 0.216875 0.123333 0.016250
0 0.169444 0.284375 0.125556 0.023750
0 0.419444 0.285000 0.138889 0.020000
0 0.669444 0.285000 0.130000 0.022500
0 0.918889 0.288750 0.124444 0.017500
0 0.168889 0.360625 0.111111 0.016250
0 0.419444 0.359375 0.130000 0.023750
0 0.669444 0.358125 0.125556 0.023750
0 0.919444 0.359375 0.130000 0.023750
0 0.169444 0.436250 0.125556 0.022500
0 0.418889 0.435625 0.113333 0.018750
0 0.668889 0.431250 0.120000 0.022500
0 0.919444 0.436250 0.125556 0.022500
0 0.168889 0.503750 0.133333 0.022500
0 0.419444 0.506875 0.114444 0.021250
0 0.669444 0.509375 0.121111 0.016250
0 0.919444 0.507500 0.121111 0.017500
0 0.169444 0.579375 0.103333 0.018750
0 0.419444 0.576875 0.098889 0.018750
0 0.669444 0.580625 0.103333 0.018750
0 0.918889 0.576250 0.133333 0.022500
0 0.169444 0.650625 0.101111 0.018750
0 0.419444 0.653750 0.125556 0.020000
0 0.668889 0.648750 0.133333 0.022500
0 0.919444 0.651875 0.098889 0.016250
0 0.169444 0.725625 0.125556 0.021250
0 0.419444 0.723750 0.134444 0.025000
0 0.669444 0.725000 0.101111 0.017500
0 0.918889 0.722500 0.131111 0.020000
0 0.168889 0.799375 0.086667 0.018750
0 0.418889 0.798125 0.111111 0.023750
0 0.668889 0.800625 0.108889 0.016250
0 0.918889 0.798125 0.144444 0.023750
0 0.168889 0.870625 0.133333 0.021250
0 0.419444 0.871875 0.125556 0.026250
0 0.669444 0.872500 0.114444 0.025000
0 0.918889 0.871875 0.144444 0.023750
0 0.168889 0.951875 0.124444 0.016250
0 0.418889 0.947500 0.120000 0.022500
0 0.669444 0.948125 0.130000 0.023750
0 0.918889 0.947500 0.128889 0.022500