0 0.169444 0.066875 0.098889 0.021250
0 0.419444 0.065625 0.147778 0.021250
0 0.669444 0.070625 0.121111 0.018750
0 0.918889 0.066250 0.106667 0.022500
0 0.169444 0.138750 0.130000 0.022500
0 0.419444 0.137500 0.118889 0.022500
0 0.669444 0.138125 0.138889 0.021250
0 0.919444 0.139375 0.121111 0.021250
0 0.168889 0.212500 0.097778 0.017500
0 0.418889 0.211250 0.111111 0.020000
0 0.668889 0.211250 0.115556 0.022500
0 0.918889 0.210625 0.131111 0.018750
0 0.169444 0.285625 0.130000 0.021250
0 0.419444 0.283750 0.130000 0.022500
0 0.668889 0.284375 0.093333 0.023750
0 0.919444 0.285625 0.121111 0.023750
0 0.169444 0.361875 0.125556 0.021250
0 0.418889 0.356250 0.106667 0.022500
0 0.668889 0.359375 0.113333 0.021250
0 0.918889 0.356250 0.146667 0.022500
0 0.169444 0.429375 0.125556 0.023750
0 0.419444 0.432500 0.125556 0.025000
0 0.669444 0.430625 0.130000 0.023750
0 0.919444 0.430000 0.143333 0.022500
0 0.168889 0.506875 0.113333 0.016250
0 0.419444 0.506250 0.123333 0.025000
0 0.668889 0.504375 0.133333 0.021250
0 0.918889 0.507500 0.102222 0.017500
0 0.168889 0.579375 0.120000 0.021250
0 0.418889 0.580625 0.115556 0.023750
0 0.669444 0.580625 0.118889 0.023750
0 0.918889 0.581250 0.144444 0.022500
0 0.169444 0.656875 0.116667 0.018750
0 0.418889 0.653125 0.120000 0.021250
0 0.668889 0.654375 0.115556 0.023750
0 0.919444 0.653125 0.138889 0.021250
0 0.168889 0.726250 0.120000 0.022500
0 0.419444 0.727500 0.130000 0.025000
0 0.669444 0.730000 0.103333 0.017500
0 0.918889 0.726250 0.120000 0.022500
0 0.169444 0.802500 0.092222 0.020000
0 0.418889 0.803125 0.144444 0.023750
0 0.668889 0.804375 0.115556 0.023750
0 0.918889 0.805000 0.128889 0.022500
0 0.169444 0.875625 0.130000 0.023750
0 0.419444 0.878125 0.114444 0.021250
0 0.669444 0.876250 0.130000 0.022500
0 0.918889 0.876250 0.120000 0.022500
0 0.169444 0.949375 0.105556 0.023750
0 0.419444 0.951875 0.096667 0.021250
0 0.669444 0.951875 0.103333 0.018750
0 0.918889 0.948750 0.133333 0.022500