0 0.169444 0.068125 0.101111 0.021250
0 0.418889 0.066250 0.128889 0.022500
0 0.669444 0.066875 0.130000 0.023750
0 0.918889 0.069375 0.131111 0.016250
0 0.168889 0.142500 0.113333 0.025000
0 0.418889 0.138750 0.106667 0.022500
0 0.668889 0.140000 0.106667 0.022500
0 0.919444 0.142500 0.123333 0.025000
0 0.169444 0.215000 0.130000 0.022500
0 0.418889 0.216250 0.113333 0.025000
0 0.669444 0.215000 0.130000 0.022500
0 0.919444 0.213750 0.105556 0.022500
0 0.168889 0.289375 0.113333 0.021250
0 0.419444 0.293125 0.121111 0.018750
0 0.669444 0.291875 0.114444 0.021250
0 0.919444 0.293125 0.114444 0.018750
0 0.169444 0.363125 0.110000 0.021250
0 0.419444 0.362500 0.130000 0.022500
0 0.668889 0.361250 0.157778 0.022500
0 0.919444 0.363125 0.103333 0.018750
0 0.169444 0.435000 0.134444 0.025000
0 0.419444 0.434375 0.158889 0.023750
0 0.669444 0.438750 0.136667 0.017500
0 0.918889 0.434375 0.144444 0.023750
0 0.169444 0.512500 0.121111 0.017500
0 0.418889 0.508125 0.120000 0.021250
0 0.669444 0.510625 0.110000 0.018750
0 0.918889 0.511250 0.108889 0.020000
0 0.169444 0.584375 0.130000 0.018750
0 0.419444 0.581250 0.107778 0.025000
0 0.668889 0.579375 0.120000 0.021250
0 0.918889 0.579375 0.113333 0.023750
0 0.169444 0.653750 0.118889 0.022500
0 0.419444 0.655000 0.150000 0.020000
0 0.668889 0.655000 0.117778 0.020000
0 0.918889 0.658125 0.131111 0.018750
0 0.169444 0.729375 0.110000 0.021250
0 0.419444 0.729375 0.114444 0.021250
0 0.669444 0.729375 0.121111 0.023750
0 0.918889 0.728125 0.097778 0.023750
0 0.169444 0.800000 0.118889 0.022500
0 0.419444 0.803750 0.123333 0.025000
0 0.669444 0.803750 0.118889 0.022500
0 0.918889 0.803750 0.124444 0.017500
0 0.169444 0.879375 0.127778 0.021250
0 0.419444 0.876875 0.101111 0.021250
0 0.668889 0.875000 0.120000 0.022500
0 0.919444 0.878750 0.136667 0.017500
0 0.169444 0.949375 0.098889 0.021250
0 0.418889 0.948750 0.131111 0.020000
0 0.668889 0.949375 0.115556 0.023750
0 0.919444 0.949375 0.116667 0.023750