0 0.169444 0.066875 0.125556 0.026250
0 0.419444 0.070000 0.141111 0.017500
0 0.669444 0.066250 0.130000 0.022500
0 0.918889 0.070625 0.133333 0.021250
0 0.169444 0.141875 0.130000 0.023750
0 0.418889 0.145000 0.106667 0.017500
0 0.668889 0.145000 0.117778 0.025000
0 0.919444 0.143750 0.130000 0.025000
0 0.169444 0.218125 0.143333 0.023750
0 0.418889 0.216875 0.146667 0.021250
0 0.668889 0.217500 0.093333 0.020000
0 0.918889 0.216875 0.120000 0.021250
0 0.168889 0.291250 0.120000 0.022500
0 0.419444 0.291875 0.141111 0.021250
0 0.668889 0.290000 0.075556 0.020000
0 0.919444 0.293125 0.136667 0.021250
0 0.168889 0.362500 0.133333 0.022500
0 0.418889 0.365000 0.144444 0.025000
0 0.668889 0.365625 0.113333 0.016250
0 0.918889 0.363125 0.111111 0.023750
0 0.169444 0.440625 0.112222 0.021250
0 0.418889 0.437500 0.093333 0.020000
0 0.669444 0.438125 0.123333 0.021250
0 0.918889 0.437500 0.106667 0.022500
0 0.169444 0.513125 0.096667 0.021250
0 0.419444 0.510625 0.145556 0.021250
0 0.669444 0.511250 0.143333 0.022500
0 0.919444 0.511250 0.130000 0.022500
0 0.169444 0.585625 0.110000 0.018750
0 0.419444 0.588125 0.132222 0.018750
0 0.669444 0.585625 0.114444 0.021250
0 0.919444 0.582500 0.118889 0.022500
0 0.168889 0.656250 0.128889 0.022500
0 0.418889 0.658125 0.131111 0.023750
0 0.669444 0.658125 0.114444 0.021250
0 0.919444 0.657500 0.125556 0.022500
0 0.168889 0.730000 0.093333 0.020000
0 0.419444 0.730625 0.130000 0.023750
0 0.669444 0.733125 0.090000 0.021250
0 0.919444 0.733125 0.118889 0.021250
0 0.168889 0.802500 0.093333 0.022500
0 0.419444 0.803750 0.130000 0.022500
0 0.669444 0.806875 0.145556 0.021250
0 0.919444 0.803750 0.130000 0.025000
0 0.168889 0.881875 0.111111 0.016250
0 0.418889 0.878750 0.131111 0.020000
0 0.669444 0.878125 0.130000 0.023750
0 0.919444 0.877500 0.105556 0.022500
0 0.168889 0.953750 0.144444 0.022500
0 0.419444 0.955000 0.107778 0.025000
0 0.669444 0.953125 0.130000 0.023750
0 0.918889 0.952500 0.120000 0.022500