0 0.168889 0.066250 0.128889 0.022500
0 0.418889 0.066250 0.120000 0.022500
0 0.669444 0.068750 0.143333 0.022500
0 0.919444 0.068750 0.123333 0.025000
0 0.169444 0.140625 0.125556 0.018750
0 0.418889 0.141875 0.144444 0.023750
0 0.668889 0.143750 0.120000 0.025000
0 0.919444 0.141250 0.101111 0.020000
0 0.169444 0.216250 0.138889 0.020000
0 0.418889 0.218750 0.108889 0.017500
0 0.669444 0.218750 0.118889 0.022500
0 0.918889 0.216875 0.111111 0.023750
0 0.168889 0.290000 0.120000 0.020000
0 0.419444 0.290625 0.130000 0.021250
0 0.668889 0.290000 0.128889 0.022500
0 0.918889 0.288750 0.120000 0.022500
0 0.169444 0.363125 0.143333 0.023750
0 0.418889 0.362500 0.164444 0.022500
0 0.668889 0.361875 0.133333 0.021250
0 0.918889 0.361875 0.146667 0.021250
0 0.169444 0.435625 0.125556 0.023750
0 0.419444 0.440000 0.118889 0.020000
0 0.669444 0.440625 0.125556 0.021250
0 0.919444 0.438125 0.110000 0.021250
0 0.168889 0.510000 0.128889 0.022500
0 0.419444 0.513750 0.114444 0.020000
0 0.668889 0.508750 0.120000 0.022500
0 0.919444 0.510625 0.130000 0.023750
0 0.168889 0.585625 0.111111 0.016250
0 0.419444 0.585625 0.114444 0.021250
0 0.669444 0.583750 0.130000 0.025000
0 0.919444 0.587500 0.121111 0.017500
0 0.168889 0.658125 0.133333 0.021250
0 0.419444 0.661250 0.127778 0.017500
0 0.668889 0.660000 0.113333 0.025000
0 0.919444 0.658750 0.130000 0.022500
0 0.169444 0.734375 0.130000 0.023750
0 0.419444 0.738125 0.134444 0.021250
0 0.669444 0.733750 0.130000 0.025000
0 0.919444 0.733125 0.145556 0.021250
0 0.168889 0.808125 0.100000 0.021250
0 0.419444 0.808750 0.123333 0.020000
0 0.669444 0.812500 0.118889 0.020000
0 0.919444 0.810625 0.121111 0.023750
0 0.169444 0.882500 0.143333 0.022500
0 0.418889 0.882500 0.128889 0.022500
0 0.668889 0.881875 0.144444 0.021250
0 0.919444 0.885000 0.123333 0.025000
0 0.169444 0.956875 0.087778 0.018750
0 0.419444 0.958750 0.118889 0.025000
0 0.668889 0.956250 0.106667 0.022500
0 0.919444 0.961875 0.125556 0.018750