0 0.169444 0.067500 0.096667 0.017500
0 0.419444 0.068750 0.130000 0.017500
0 0.669444 0.068750 0.114444 0.022500
0 0.918889 0.070000 0.133333 0.017500
0 0.169444 0.140000 0.127778 0.025000
0 0.419444 0.141250 0.110000 0.017500
0 0.669444 0.140625 0.101111 0.021250
0 0.919444 0.138125 0.130000 0.023750
0 0.169444 0.216250 0.107778 0.020000
0 0.418889 0.216875 0.108889 0.016250
0 0.669444 0.214375 0.158889 0.023750
0 0.918889 0.213750 0.120000 0.022500
0 0.169444 0.286250 0.136667 0.020000
0 0.419444 0.287500 0.101111 0.020000
0 0.668889 0.291250 0.122222 0.017500
0 0.919444 0.287500 0.143333 0.022500
0 0.169444 0.362500 0.123333 0.017500
0 0.419444 0.363125 0.121111 0.016250
0 0.669444 0.362500 0.121111 0.017500
0 0.918889 0.360000 0.157778 0.022500
0 0.169444 0.432500 0.141111 0.022500
0 0.418889 0.432500 0.146667 0.022500
0 0.669444 0.431250 0.105556 0.022500
0 0.918889 0.431250 0.133333 0.022500
0 0.168889 0.509375 0.113333 0.021250
0 0.419444 0.505625 0.125556 0.026250
0 0.669444 0.505000 0.130000 0.025000
0 0.918889 0.505625 0.144444 0.023750
0 0.168889 0.581250 0.115556 0.022500
0 0.419444 0.580625 0.130000 0.023750
0 0.668889 0.580625 0.113333 0.023750
0 0.919444 0.583750 0.123333 0.025000
0 0.169444 0.656875 0.130000 0.023750
0 0.418889 0.658750 0.117778 0.017500
0 0.669444 0.660625 0.138889 0.018750
0 0.919444 0.656250 0.143333 0.022500
0 0.168889 0.728750 0.106667 0.022500
0 0.418889 0.728750 0.120000 0.022500
0 0.669444 0.729375 0.125556 0.023750
0 0.919444 0.730625 0.130000 0.023750
0 0.168889 0.805625 0.115556 0.023750
0 0.418889 0.803125 0.120000 0.021250
0 0.669444 0.806250 0.118889 0.022500
0 0.919444 0.804375 0.081111 0.023750
0 0.169444 0.878125 0.130000 0.023750
0 0.419444 0.878125 0.158889 0.023750
0 0.668889 0.878125 0.144444 0.023750
0 0.918889 0.880000 0.108889 0.017500
0 0.169444 0.950625 0.152222 0.018750
0 0.419444 0.953125 0.110000 0.021250
0 0.669444 0.952500 0.125556 0.022500
0 0.918889 0.950000 0.146667 0.020000