0 0.168889 0.069375 0.122222 0.018750
0 0.419444 0.066875 0.130000 0.023750
0 0.668889 0.065625 0.133333 0.021250
0 0.918889 0.066250 0.157778 0.022500
0 0.169444 0.139375 0.101111 0.021250
0 0.419444 0.140625 0.130000 0.021250
0 0.668889 0.140000 0.120000 0.022500
0 0.918889 0.138750 0.120000 0.022500
0 0.168889 0.211875 0.133333 0.021250
0 0.419444 0.216250 0.143333 0.020000
0 0.668889 0.214375 0.124444 0.018750
0 0.918889 0.215000 0.146667 0.025000
0 0.168889 0.287500 0.157778 0.022500
0 0.419444 0.288750 0.116667 0.022500
0 0.669444 0.290000 0.105556 0.017500
0 0.919444 0.287500 0.130000 0.022500
0 0.169444 0.361875 0.103333 0.018750
0 0.419444 0.360625 0.101111 0.023750
0 0.669444 0.361875 0.114444 0.021250
0 0.919444 0.360625 0.130000 0.023750
0 0.169444 0.433750 0.130000 0.022500
0 0.418889 0.432500 0.120000 0.022500
0 0.669444 0.438125 0.107778 0.018750
0 0.918889 0.434375 0.115556 0.023750
0 0.169444 0.508750 0.158889 0.025000
0 0.418889 0.508750 0.104444 0.017500
0 0.669444 0.508750 0.123333 0.025000
0 0.919444 0.510625 0.123333 0.016250
0 0.169444 0.587500 0.132222 0.017500
0 0.418889 0.583125 0.126667 0.021250
0 0.669444 0.582500 0.143333 0.022500
0 0.919444 0.582500 0.123333 0.020000
0 0.169444 0.657500 0.112222 0.017500
0 0.418889 0.657500 0.104444 0.022500
0 0.669444 0.655000 0.130000 0.025000
0 0.918889 0.653750 0.106667 0.022500
0 0.168889 0.730625 0.097778 0.023750
0 0.418889 0.731875 0.113333 0.016250
0 0.669444 0.730625 0.150000 0.021250
0 0.919444 0.733125 0.116667 0.016250
0 0.168889 0.806875 0.108889 0.016250
0 0.418889 0.807500 0.126667 0.020000
0 0.669444 0.804375 0.130000 0.023750
0 0.919444 0.803750 0.130000 0.025000
0 0.168889 0.878125 0.100000 0.018750
0 0.419444 0.879375 0.130000 0.023750
0 0.669444 0.880000 0.130000 0.022500
0 0.918889 0.878750 0.120000 0.022500
0 0.168889 0.957500 0.142222 0.017500
0 0.419444 0.953125 0.112222 0.021250
0 0.668889 0.952500 0.106667 0.022500
0 0.919444 0.952500 0.143333 0.022500