0 0.169444 0.066875 0.112222 0.021250
0 0.418889 0.065625 0.133333 0.021250
0 0.668889 0.069375 0.097778 0.018750
0 0.919444 0.066250 0.130000 0.025000
0 0.168889 0.143125 0.102222 0.016250
0 0.418889 0.144375 0.100000 0.018750
0 0.669444 0.141875 0.130000 0.023750
0 0.918889 0.143750 0.122222 0.017500
0 0.168889 0.214375 0.120000 0.021250
0 0.419444 0.216250 0.125556 0.022500
0 0.669444 0.218125 0.127778 0.016250
0 0.919444 0.218125 0.105556 0.018750
0 0.168889 0.287500 0.115556 0.022500
0 0.419444 0.292500 0.136667 0.017500
0 0.668889 0.290000 0.128889 0.022500
0 0.919444 0.289375 0.114444 0.021250
0 0.169444 0.362500 0.103333 0.020000
0 0.419444 0.359375 0.130000 0.023750
0 0.668889 0.360000 0.120000 0.022500
0 0.919444 0.359375 0.158889 0.021250
0 0.169444 0.435000 0.096667 0.017500
0 0.418889 0.433125 0.106667 0.021250
0 0.668889 0.433125 0.140000 0.023750
0 0.918889 0.433750 0.133333 0.022500
0 0.169444 0.506875 0.130000 0.023750
0 0.419444 0.509375 0.110000 0.018750
0 0.669444 0.508125 0.112222 0.021250
0 0.919444 0.507500 0.143333 0.022500
0 0.169444 0.581875 0.114444 0.021250
0 0.418889 0.583750 0.133333 0.025000
0 0.668889 0.583125 0.113333 0.016250
0 0.918889 0.585000 0.111111 0.020000
0 0.169444 0.658750 0.125556 0.025000
0 0.419444 0.657500 0.130000 0.022500
0 0.668889 0.658125 0.131111 0.023750
0 0.918889 0.658125 0.095556 0.018750
0 0.169444 0.731875 0.150000 0.021250
0 0.419444 0.734375 0.110000 0.021250
0 0.669444 0.735000 0.110000 0.017500
0 0.918889 0.732500 0.115556 0.022500
0 0.168889 0.807500 0.131111 0.020000
0 0.418889 0.805000 0.140000 0.022500
0 0.668889 0.803125 0.146667 0.021250
0 0.919444 0.806875 0.121111 0.018750
0 0.168889 0.876250 0.106667 0.022500
0 0.419444 0.879375 0.105556 0.018750
0 0.668889 0.875000 0.120000 0.022500
0 0.919444 0.876250 0.098889 0.020000
0 0.169444 0.950625 0.110000 0.018750
0 0.418889 0.948125 0.133333 0.021250
0 0.668889 0.947500 0.120000 0.022500
0 0.918889 0.948125 0.113333 0.023750