0 0.169444 0.069375 0.127778 0.021250
0 0.419444 0.069375 0.121111 0.016250
0 0.668889 0.068750 0.106667 0.017500
0 0.918889 0.070625 0.133333 0.021250
0 0.169444 0.140000 0.123333 0.017500
0 0.418889 0.137500 0.157778 0.022500
0 0.669444 0.137500 0.130000 0.022500
0 0.918889 0.137500 0.120000 0.022500
0 0.168889 0.211250 0.091111 0.017500
0 0.418889 0.210000 0.120000 0.022500
0 0.669444 0.210000 0.130000 0.022500
0 0.918889 0.211250 0.106667 0.025000
0 0.169444 0.290000 0.123333 0.017500
0 0.418889 0.287500 0.133333 0.025000
0 0.668889 0.288750 0.120000 0.017500
0 0.918889 0.285625 0.126667 0.021250
0 0.169444 0.361250 0.130000 0.022500
0 0.419444 0.360625 0.101111 0.021250
0 0.669444 0.361250 0.096667 0.017500
0 0.919444 0.360625 0.123333 0.023750
0 0.169444 0.433125 0.092222 0.023750
0 0.419444 0.436875 0.116667 0.018750
0 0.669444 0.433125 0.101111 0.021250
0 0.919444 0.435000 0.130000 0.022500
0 0.168889 0.506875 0.117778 0.018750
0 0.419444 0.508125 0.118889 0.023750
0 0.669444 0.510000 0.118889 0.022500
0 0.919444 0.511250 0.143333 0.020000
0 0.169444 0.581875 0.125556 0.023750
0 0.418889 0.583750 0.133333 0.022500
0 0.668889 0.584375 0.126667 0.016250
0 0.919444 0.583125 0.070000 0.016250
0 0.169444 0.654375 0.130000 0.023750
0 0.418889 0.655000 0.128889 0.022500
0 0.668889 0.655625 0.144444 0.023750
0 0.918889 0.658750 0.128889 0.020000
0 0.168889 0.729375 0.113333 0.023750
0 0.419444 0.733125 0.134444 0.021250
0 0.669444 0.730000 0.130000 0.022500
0 0.918889 0.731875 0.113333 0.018750
0 0.169444 0.802500 0.125556 0.020000
0 0.418889 0.806250 0.120000 0.017500
0 0.669444 0.803125 0.114444 0.021250
0 0.919444 0.806250 0.107778 0.017500
0 0.169444 0.875625 0.098889 0.016250
0 0.419444 0.873125 0.118889 0.023750
0 0.668889 0.874375 0.144444 0.023750
0 0.918889 0.874375 0.113333 0.023750
0 0.168889 0.948125 0.115556 0.023750
0 0.418889 0.946250 0.133333 0.022500
0 0.668889 0.950000 0.108889 0.025000
0 0.919444 0.950000 0.121111 0.017500