0 0.169444 0.066250 0.130000 0.022500
0 0.418889 0.066250 0.115556 0.025000
0 0.669444 0.065625 0.136667 0.021250
0 0.918889 0.065000 0.120000 0.022500
0 0.168889 0.142500 0.097778 0.017500
0 0.418889 0.142500 0.084444 0.017500
0 0.669444 0.141875 0.112222 0.023750
0 0.918889 0.141875 0.144444 0.023750
0 0.168889 0.216875 0.131111 0.023750
0 0.418889 0.216875 0.131111 0.023750
0 0.668889 0.215625 0.144444 0.023750
0 0.918889 0.218750 0.124444 0.020000
0 0.169444 0.288750 0.130000 0.022500
0 0.419444 0.288125 0.112222 0.018750
0 0.669444 0.288125 0.118889 0.023750
0 0.919444 0.288125 0.130000 0.023750
0 0.168889 0.365000 0.131111 0.025000
0 0.418889 0.365000 0.106667 0.020000
0 0.669444 0.363125 0.141111 0.021250
0 0.918889 0.362500 0.128889 0.022500
0 0.169444 0.436875 0.130000 0.023750
0 0.419444 0.440625 0.127778 0.016250
0 0.668889 0.436875 0.133333 0.021250
0 0.919444 0.440000 0.118889 0.022500
0 0.168889 0.513750 0.108889 0.017500
0 0.419444 0.511875 0.143333 0.021250
0 0.668889 0.510000 0.120000 0.022500
0 0.919444 0.511250 0.138889 0.020000
0 0.169444 0.584375 0.114444 0.021250
0 0.418889 0.588125 0.133333 0.018750
0 0.669444 0.583750 0.081111 0.020000
0 0.919444 0.584375 0.112222 0.021250
0 0.169444 0.654375 0.130000 0.023750
0 0.419444 0.655625 0.141111 0.021250
0 0.668889 0.655000 0.128889 0.022500
0 0.919444 0.656875 0.114444 0.021250
0 0.168889 0.730000 0.091111 0.017500
0 0.418889 0.730625 0.111111 0.016250
0 0.668889 0.728125 0.120000 0.021250
0 0.919444 0.729375 0.130000 0.023750
0 0.168889 0.804375 0.115556 0.021250
0 0.418889 0.803125 0.113333 0.023750
0 0.669444 0.803125 0.107778 0.023750
0 0.918889 0.804375 0.111111 0.016250
0 0.168889 0.876875 0.115556 0.023750
0 0.419444 0.878750 0.123333 0.025000
0 0.668889 0.876250 0.120000 0.022500
0 0.918889 0.876250 0.100000 0.020000
0 0.169444 0.950625 0.118889 0.023750
0 0.419444 0.950625 0.138889 0.018750
0 0.669444 0.952500 0.114444 0.025000
0 0.919444 0.954375 0.123333 0.016250