0 0.168889 0.069375 0.128889 0.021250
0 0.419444 0.066875 0.130000 0.023750
0 0.669444 0.069375 0.127778 0.016250
0 0.919444 0.068750 0.136667 0.025000
0 0.168889 0.141875 0.128889 0.023750
0 0.418889 0.141875 0.111111 0.023750
0 0.669444 0.143125 0.110000 0.021250
0 0.918889 0.145625 0.135556 0.016250
0 0.169444 0.214375 0.138889 0.021250
0 0.418889 0.215625 0.115556 0.023750
0 0.669444 0.216250 0.125556 0.022500
0 0.918889 0.214375 0.120000 0.021250
0 0.168889 0.288750 0.157778 0.022500
0 0.419444 0.290000 0.130000 0.022500
0 0.668889 0.288750 0.120000 0.022500
0 0.918889 0.288750 0.128889 0.022500
0 0.169444 0.361250 0.143333 0.022500
0 0.418889 0.361250 0.120000 0.022500
0 0.668889 0.365000 0.124444 0.017500
0 0.919444 0.361875 0.141111 0.021250
0 0.169444 0.434375 0.125556 0.026250
0 0.418889 0.432500 0.120000 0.022500
0 0.668889 0.434375 0.126667 0.021250
0 0.919444 0.433125 0.087778 0.021250
0 0.169444 0.511250 0.116667 0.022500
0 0.419444 0.509375 0.081111 0.018750
0 0.669444 0.509375 0.125556 0.018750
0 0.919444 0.512500 0.123333 0.025000
0 0.169444 0.585625 0.158889 0.023750
0 0.418889 0.587500 0.117778 0.025000
0 0.668889 0.586875 0.111111 0.016250
0 0.918889 0.585000 0.120000 0.022500
0 0.169444 0.660000 0.130000 0.022500
0 0.419444 0.660000 0.130000 0.025000
0 0.668889 0.659375 0.120000 0.021250
0 0.919444 0.660625 0.098889 0.021250
0 0.169444 0.736875 0.116667 0.021250
0 0.418889 0.740000 0.124444 0.017500
0 0.669444 0.737500 0.105556 0.020000
0 0.919444 0.738750 0.125556 0.020000
0 0.169444 0.805625 0.130000 0.023750
0 0.418889 0.807500 0.117778 0.017500
0 0.668889 0.808750 0.133333 0.025000
0 0.919444 0.808125 0.130000 0.021250
0 0.168889 0.885000 0.133333 0.022500
0 0.419444 0.883125 0.110000 0.018750
0 0.669444 0.885625 0.134444 0.021250
0 0.919444 0.880625 0.118889 0.023750
0 0.169444 0.955000 0.125556 0.020000
0 0.418889 0.954375 0.113333 0.021250
0 0.669444 0.955000 0.150000 0.022500
0 0.918889 0.953750 0.120000 0.022500