0 0.168889 0.068125 0.086667 0.018750
0 0.418889 0.065000 0.120000 0.022500
0 0.669444 0.068125 0.121111 0.023750
0 0.918889 0.068125 0.102222 0.016250
0 0.169444 0.140625 0.150000 0.021250
0 0.418889 0.143750 0.128889 0.017500
0 0.669444 0.143125 0.127778 0.021250
0 0.919444 0.143125 0.105556 0.018750
0 0.169444 0.212500 0.070000 0.017500
0 0.418889 0.213750 0.133333 0.025000
0 0.669444 0.213750 0.123333 0.025000
0 0.919444 0.210000 0.118889 0.022500
0 0.169444 0.286250 0.130000 0.022500
0 0.418889 0.288750 0.148889 0.025000
0 0.669444 0.285000 0.101111 0.020000
0 0.919444 0.286875 0.112222 0.021250
0 0.168889 0.361250 0.117778 0.020000
0 0.418889 0.360625 0.146667 0.021250
0 0.668889 0.360625 0.106667 0.021250
0 0.919444 0.364375 0.130000 0.016250
0 0.169444 0.435000 0.136667 0.025000
0 0.418889 0.433125 0.144444 0.023750
0 0.669444 0.436250 0.127778 0.020000
0 0.918889 0.433750 0.144444 0.022500
0 0.168889 0.506250 0.093333 0.022500
0 0.419444 0.508125 0.130000 0.023750
0 0.668889 0.506875 0.146667 0.021250
0 0.918889 0.508125 0.144444 0.023750
0 0.169444 0.583750 0.118889 0.022500
0 0.419444 0.581875 0.121111 0.021250
0 0.668889 0.582500 0.102222 0.025000
0 0.919444 0.582500 0.103333 0.025000
0 0.169444 0.660000 0.132222 0.017500
0 0.419444 0.655625 0.130000 0.023750
0 0.669444 0.656250 0.143333 0.022500
0 0.918889 0.659375 0.104444 0.018750
0 0.168889 0.733750 0.133333 0.017500
0 0.418889 0.730000 0.157778 0.022500
0 0.668889 0.729375 0.113333 0.023750
0 0.919444 0.728750 0.118889 0.022500
0 0.168889 0.807500 0.126667 0.020000
0 0.419444 0.805000 0.112222 0.025000
0 0.669444 0.805625 0.114444 0.021250
0 0.918889 0.804375 0.115556 0.023750
0 0.168889 0.879375 0.144444 0.023750
0 0.418889 0.878750 0.131111 0.020000
0 0.669444 0.881250 0.121111 0.015000
0 0.919444 0.881250 0.136667 0.025000
0 0.168889 0.953125 0.106667 0.021250
0 0.418889 0.953750 0.157778 0.022500
0 0.669444 0.953750 0.143333 0.022500
0 0.919444 0.955000 0.130000 0.025000