0 0.168889 0.065625 0.111111 0.023750
0 0.419444 0.070000 0.125556 0.017500
0 0.668889 0.068750 0.095556 0.017500
0 0.919444 0.068750 0.143333 0.022500
0 0.168889 0.141875 0.102222 0.016250
0 0.419444 0.141875 0.114444 0.021250
0 0.668889 0.141250 0.144444 0.025000
0 0.918889 0.139375 0.113333 0.023750
0 0.168889 0.219375 0.133333 0.021250
0 0.419444 0.216875 0.121111 0.023750
0 0.669444 0.218125 0.107778 0.018750
0 0.919444 0.216250 0.125556 0.022500
0 0.168889 0.288125 0.120000 0.021250
0 0.419444 0.290000 0.083333 0.017500
0 0.668889 0.288125 0.120000 0.021250
0 0.918889 0.291875 0.120000 0.021250
0 0.169444 0.360000 0.143333 0.022500
0 0.418889 0.361875 0.095556 0.018750
0 0.668889 0.360000 0.120000 0.022500
0 0.918889 0.361875 0.113333 0.016250
0 0.168889 0.432500 0.128889 0.022500
0 0.418889 0.435000 0.148889 0.025000
0 0.669444 0.434375 0.121111 0.023750
0 0.919444 0.436250 0.107778 0.017500
0 0.168889 0.508125 0.144444 0.023750
0 0.418889 0.510625 0.122222 0.016250
0 0.669444 0.507500 0.130000 0.022500
0 0.919444 0.508125 0.134444 0.021250
0 0.168889 0.580000 0.093333 0.020000
0 0.419444 0.581250 0.130000 0.022500
0 0.668889 0.580625 0.115556 0.023750
0 0.919444 0.584375 0.110000 0.021250
0 0.168889 0.658750 0.113333 0.022500
0 0.418889 0.655000 0.120000 0.022500
0 0.669444 0.657500 0.098889 0.020000
0 0.918889 0.655000 0.117778 0.020000
0 0.168889 0.728125 0.093333 0.021250
0 0.418889 0.731250 0.133333 0.022500
0 0.668889 0.730000 0.124444 0.025000
0 0.918889 0.726875 0.120000 0.021250
0 0.168889 0.801875 0.120000 0.021250
0 0.419444 0.804375 0.114444 0.021250
0 0.668889 0.804375 0.113333 0.016250
0 0.918889 0.802500 0.146667 0.022500
0 0.169444 0.877500 0.118889 0.017500
0 0.418889 0.874375 0.140000 0.023750
0 0.669444 0.876250 0.127778 0.025000
0 0.919444 0.875000 0.098889 0.017500
0 0.169444 0.951875 0.110000 0.021250
0 0.419444 0.950000 0.130000 0.025000
0 0.668889 0.951250 0.104444 0.017500
0 0.919444 0.950625 0.143333 0.021250