0 0.169444 0.069375 0.112222 0.018750
0 0.419444 0.070000 0.112222 0.017500
0 0.669444 0.067500 0.130000 0.022500
0 0.919444 0.066250 0.114444 0.022500
0 0.168889 0.141875 0.131111 0.018750
0 0.418889 0.137500 0.120000 0.022500
0 0.669444 0.141250 0.123333 0.025000
0 0.919444 0.139375 0.141111 0.021250
0 0.169444 0.216250 0.143333 0.022500
0 0.418889 0.217500 0.124444 0.017500
0 0.669444 0.217500 0.127778 0.017500
0 0.918889 0.213125 0.120000 0.021250
0 0.169444 0.286250 0.130000 0.022500
0 0.419444 0.286250 0.138889 0.020000
0 0.668889 0.285000 0.120000 0.022500
0 0.919444 0.286875 0.123333 0.023750
0 0.168889 0.363125 0.111111 0.021250
0 0.419444 0.360625 0.121111 0.021250
0 0.668889 0.361250 0.115556 0.022500
0 0.919444 0.360625 0.130000 0.023750
0 0.169444 0.435625 0.103333 0.018750
0 0.419444 0.432500 0.105556 0.022500
0 0.669444 0.437500 0.125556 0.017500
0 0.919444 0.433750 0.130000 0.022500
0 0.169444 0.511250 0.123333 0.017500
0 0.419444 0.506250 0.130000 0.022500
0 0.668889 0.507500 0.144444 0.022500
0 0.919444 0.506250 0.130000 0.022500
0 0.169444 0.583750 0.098889 0.017500
0 0.419444 0.579375 0.130000 0.023750
0 0.668889 0.578125 0.113333 0.021250
0 0.919444 0.581250 0.118889 0.022500
0 0.169444 0.651875 0.123333 0.021250
0 0.419444 0.655000 0.143333 0.022500
0 0.669444 0.655000 0.110000 0.017500
0 0.919444 0.652500 0.141111 0.022500
0 0.168889 0.723750 0.133333 0.022500
0 0.419444 0.730000 0.123333 0.017500
0 0.669444 0.726875 0.101111 0.021250
0 0.919444 0.728125 0.112222 0.016250
0 0.169444 0.800000 0.103333 0.020000
0 0.419444 0.799375 0.130000 0.021250
0 0.669444 0.796875 0.125556 0.021250
0 0.918889 0.801250 0.124444 0.017500
0 0.169444 0.870625 0.130000 0.021250
0 0.419444 0.870625 0.123333 0.021250
0 0.669444 0.871250 0.105556 0.020000
0 0.919444 0.869375 0.130000 0.023750
0 0.169444 0.942500 0.130000 0.022500
0 0.419444 0.945000 0.118889 0.022500
0 0.669444 0.944375 0.114444 0.021250
0 0.918889 0.945000 0.133333 0.025000