0 0.169444 0.066250 0.143333 0.022500
0 0.419444 0.065625 0.101111 0.021250
0 0.668889 0.070000 0.124444 0.017500
0 0.918889 0.069375 0.120000 0.021250
0 0.168889 0.140625 0.095556 0.018750
0 0.418889 0.137500 0.120000 0.022500
0 0.668889 0.141250 0.111111 0.017500
0 0.918889 0.141250 0.108889 0.017500
0 0.169444 0.211250 0.143333 0.022500
0 0.419444 0.211875 0.130000 0.023750
0 0.669444 0.215000 0.110000 0.020000
0 0.918889 0.211250 0.120000 0.020000
0 0.169444 0.288125 0.121111 0.016250
0 0.418889 0.285000 0.117778 0.020000
0 0.669444 0.283750 0.118889 0.022500
0 0.919444 0.285000 0.138889 0.020000
0 0.168889 0.357500 0.157778 0.022500
0 0.419444 0.361875 0.141111 0.018750
0 0.669444 0.360625 0.101111 0.021250
0 0.919444 0.356875 0.081111 0.021250
0 0.169444 0.433125 0.130000 0.016250
0 0.418889 0.430000 0.120000 0.022500
0 0.669444 0.433750 0.114444 0.020000
0 0.919444 0.432500 0.118889 0.022500
0 0.169444 0.503125 0.130000 0.023750
0 0.419444 0.502500 0.125556 0.020000
0 0.668889 0.503125 0.113333 0.023750
0 0.918889 0.504375 0.095556 0.018750
0 0.169444 0.580000 0.143333 0.020000
0 0.419444 0.576875 0.130000 0.023750
0 0.668889 0.576250 0.097778 0.020000
0 0.918889 0.575625 0.120000 0.021250
0 0.169444 0.653750 0.118889 0.020000
0 0.418889 0.648750 0.120000 0.022500
0 0.669444 0.654375 0.107778 0.016250
0 0.919444 0.648750 0.118889 0.022500
0 0.169444 0.723125 0.107778 0.021250
0 0.418889 0.725000 0.124444 0.025000
0 0.668889 0.725625 0.120000 0.016250
0 0.918889 0.722500 0.128889 0.022500
0 0.168889 0.799375 0.113333 0.016250
0 0.419444 0.797500 0.130000 0.022500
0 0.668889 0.796875 0.113333 0.023750
0 0.919444 0.799375 0.123333 0.021250
0 0.168889 0.870625 0.126667 0.021250
0 0.418889 0.870625 0.120000 0.021250
0 0.669444 0.873750 0.118889 0.022500
0 0.918889 0.871875 0.115556 0.023750
0 0.169444 0.944375 0.130000 0.023750
0 0.419444 0.945000 0.130000 0.022500
0 0.668889 0.945000 0.115556 0.022500
0 0.918889 0.944375 0.106667 0.021250