0 0.169444 0.069375 0.114444 0.018750
0 0.419444 0.070625 0.134444 0.021250
0 0.669444 0.065625 0.132222 0.021250
0 0.919444 0.068125 0.123333 0.021250
0 0.169444 0.137500 0.130000 0.022500
0 0.418889 0.140000 0.106667 0.020000
0 0.669444 0.140000 0.125556 0.025000
0 0.919444 0.140000 0.125556 0.025000
0 0.168889 0.214375 0.113333 0.016250
0 0.419444 0.215625 0.098889 0.018750
0 0.668889 0.211250 0.120000 0.022500
0 0.919444 0.214375 0.114444 0.021250
0 0.169444 0.286250 0.096667 0.017500
0 0.418889 0.284375 0.120000 0.021250
0 0.668889 0.285000 0.097778 0.020000
0 0.919444 0.289375 0.125556 0.018750
0 0.168889 0.358125 0.113333 0.016250
0 0.418889 0.358750 0.131111 0.017500
0 0.668889 0.356250 0.100000 0.020000
0 0.919444 0.359375 0.121111 0.016250
0 0.169444 0.427500 0.096667 0.017500
0 0.418889 0.427500 0.144444 0.022500
0 0.669444 0.426250 0.130000 0.022500
0 0.919444 0.430000 0.134444 0.022500
0 0.169444 0.502500 0.125556 0.017500
0 0.419444 0.502500 0.134444 0.017500
0 0.669444 0.501875 0.112222 0.018750
0 0.919444 0.498750 0.130000 0.022500
0 0.168889 0.575625 0.135556 0.018750
0 0.419444 0.571250 0.130000 0.022500
0 0.669444 0.571875 0.130000 0.021250
0 0.919444 0.571250 0.130000 0.022500
0 0.169444 0.644375 0.130000 0.023750
0 0.418889 0.645625 0.102222 0.016250
0 0.668889 0.643750 0.133333 0.022500
0 0.919444 0.642500 0.118889 0.022500
0 0.168889 0.717500 0.131111 0.020000
0 0.418889 0.720625 0.104444 0.016250
0 0.669444 0.718750 0.130000 0.022500
0 0.919444 0.718125 0.130000 0.023750
0 0.168889 0.791875 0.115556 0.023750
0 0.419444 0.793750 0.123333 0.025000
0 0.669444 0.795000 0.125556 0.020000
0 0.918889 0.791250 0.115556 0.022500
0 0.169444 0.868125 0.121111 0.023750
0 0.419444 0.866250 0.101111 0.020000
0 0.669444 0.866250 0.130000 0.022500
0 0.918889 0.867500 0.097778 0.017500
0 0.169444 0.941875 0.112222 0.021250
0 0.418889 0.941875 0.091111 0.016250
0 0.668889 0.938750 0.133333 0.022500
0 0.919444 0.943125 0.103333 0.018750