0 0.169444 0.065000 0.105556 0.022500
0 0.419444 0.068750 0.123333 0.025000
0 0.668889 0.068750 0.108889 0.025000
0 0.918889 0.065625 0.093333 0.021250
0 0.168889 0.141250 0.128889 0.022500
0 0.418889 0.141250 0.111111 0.020000
0 0.668889 0.143750 0.142222 0.025000
0 0.919444 0.143125 0.090000 0.023750
0 0.169444 0.218750 0.121111 0.017500
0 0.419444 0.218125 0.130000 0.021250
0 0.669444 0.216250 0.130000 0.022500
0 0.918889 0.216250 0.128889 0.022500
0 0.169444 0.289375 0.134444 0.023750
0 0.419444 0.293125 0.134444 0.018750
0 0.668889 0.287500 0.093333 0.022500
0 0.918889 0.288750 0.120000 0.022500
0 0.168889 0.361875 0.133333 0.021250
0 0.419444 0.364375 0.105556 0.023750
0 0.668889 0.361250 0.133333 0.022500
0 0.919444 0.365000 0.125556 0.025000
0 0.169444 0.437500 0.143333 0.022500
0 0.418889 0.440000 0.117778 0.025000
0 0.669444 0.437500 0.143333 0.022500
0 0.919444 0.437500 0.141111 0.022500
0 0.168889 0.515000 0.108889 0.020000
0 0.419444 0.513125 0.130000 0.023750
0 0.669444 0.514375 0.114444 0.021250
0 0.918889 0.513750 0.124444 0.025000
0 0.168889 0.587500 0.128889 0.022500
0 0.419444 0.588125 0.143333 0.021250
0 0.668889 0.587500 0.111111 0.020000
0 0.919444 0.591875 0.136667 0.018750
0 0.168889 0.660625 0.135556 0.021250
0 0.419444 0.661875 0.101111 0.021250
0 0.668889 0.659375 0.131111 0.018750
0 0.919444 0.661875 0.114444 0.021250
0 0.168889 0.731250 0.128889 0.022500
0 0.418889 0.736250 0.142222 0.017500
0 0.669444 0.733125 0.110000 0.018750
0 0.919444 0.731250 0.143333 0.022500
0 0.169444 0.803125 0.081111 0.018750
0 0.418889 0.805625 0.095556 0.018750
0 0.669444 0.806875 0.103333 0.018750
0 0.918889 0.804375 0.111111 0.021250
0 0.168889 0.874375 0.137778 0.021250
0 0.419444 0.875000 0.130000 0.022500
0 0.669444 0.877500 0.114444 0.022500
0 0.919444 0.877500 0.123333 0.025000
0 0.168889 0.948750 0.133333 0.022500
0 0.419444 0.950000 0.130000 0.022500
0 0.668889 0.948750 0.146667 0.022500
0 0.919444 0.950625 0.107778 0.023750