0 0.169444 0.068750 0.118889 0.022500
0 0.419444 0.065625 0.125556 0.023750
0 0.669444 0.070000 0.125556 0.020000
0 0.918889 0.065625 0.133333 0.021250
0 0.168889 0.141875 0.111111 0.016250
0 0.418889 0.142500 0.128889 0.022500
0 0.668889 0.140625 0.164444 0.021250
0 0.918889 0.140625 0.126667 0.021250
0 0.169444 0.212500 0.118889 0.025000
0 0.418889 0.211875 0.097778 0.018750
0 0.668889 0.212500 0.120000 0.022500
0 0.919444 0.214375 0.105556 0.023750
0 0.168889 0.290000 0.128889 0.022500
0 0.418889 0.286875 0.100000 0.021250
0 0.669444 0.289375 0.101111 0.021250
0 0.919444 0.291875 0.134444 0.018750
0 0.169444 0.362500 0.118889 0.022500
0 0.419444 0.358750 0.118889 0.022500
0 0.669444 0.361875 0.123333 0.021250
0 0.919444 0.360000 0.130000 0.025000
0 0.169444 0.436250 0.158889 0.022500
0 0.419444 0.438125 0.118889 0.021250
0 0.668889 0.434375 0.120000 0.021250
0 0.918889 0.434375 0.100000 0.021250
0 0.169444 0.509375 0.121111 0.023750
0 0.418889 0.508750 0.124444 0.025000
0 0.669444 0.510000 0.121111 0.017500
0 0.919444 0.508125 0.143333 0.023750
0 0.168889 0.586250 0.124444 0.017500
0 0.418889 0.586875 0.124444 0.018750
0 0.669444 0.582500 0.092222 0.020000
0 0.919444 0.582500 0.130000 0.025000
0 0.169444 0.659375 0.121111 0.023750
0 0.418889 0.657500 0.106667 0.022500
0 0.668889 0.658750 0.104444 0.017500
0 0.918889 0.660000 0.102222 0.017500
0 0.169444 0.735000 0.125556 0.020000
0 0.419444 0.734375 0.118889 0.021250
0 0.668889 0.730625 0.120000 0.021250
0 0.919444 0.732500 0.130000 0.022500
0 0.169444 0.807500 0.101111 0.020000
0 0.419444 0.804375 0.107778 0.023750
0 0.668889 0.803750 0.131111 0.020000
0 0.919444 0.805000 0.103333 0.025000
0 0.169444 0.877500 0.132222 0.022500
0 0.419444 0.881875 0.118889 0.021250
0 0.668889 0.881875 0.120000 0.021250
0 0.919444 0.878125 0.125556 0.021250
0 0.168889 0.950000 0.120000 0.022500
0 0.418889 0.953750 0.120000 0.025000
0 0.669444 0.950625 0.118889 0.023750
0 0.918889 0.951875 0.144444 0.023750