0 0.168889 0.066875 0.115556 0.023750
0 0.419444 0.066250 0.150000 0.022500
0 0.668889 0.067500 0.113333 0.025000
0 0.919444 0.065000 0.118889 0.022500
0 0.168889 0.140625 0.133333 0.021250
0 0.419444 0.140000 0.105556 0.022500
0 0.669444 0.141250 0.130000 0.025000
0 0.919444 0.140625 0.130000 0.023750
0 0.168889 0.215625 0.106667 0.021250
0 0.418889 0.216875 0.113333 0.023750
0 0.668889 0.216250 0.120000 0.022500
0 0.918889 0.218750 0.106667 0.017500
0 0.169444 0.293750 0.136667 0.017500
0 0.419444 0.290000 0.143333 0.022500
0 0.669444 0.290000 0.143333 0.022500
0 0.919444 0.290000 0.130000 0.022500
0 0.168889 0.362500 0.111111 0.020000
0 0.418889 0.363750 0.117778 0.017500
0 0.669444 0.363125 0.158889 0.023750
0 0.918889 0.363750 0.144444 0.022500
0 0.169444 0.440000 0.141111 0.020000
0 0.419444 0.438125 0.123333 0.021250
0 0.669444 0.438125 0.121111 0.023750
0 0.918889 0.435625 0.144444 0.023750
0 0.169444 0.511875 0.101111 0.018750
0 0.419444 0.509375 0.138889 0.021250
0 0.668889 0.510000 0.131111 0.020000
0 0.918889 0.510000 0.120000 0.022500
0 0.168889 0.581875 0.093333 0.021250
0 0.419444 0.583125 0.134444 0.021250
0 0.668889 0.585000 0.128889 0.022500
0 0.919444 0.585625 0.105556 0.018750
0 0.169444 0.655625 0.121111 0.021250
0 0.419444 0.655000 0.130000 0.022500
0 0.669444 0.655000 0.130000 0.025000
0 0.919444 0.656875 0.114444 0.021250
0 0.169444 0.728750 0.132222 0.022500
0 0.419444 0.730000 0.130000 0.025000
0 0.668889 0.731875 0.111111 0.016250
0 0.918889 0.730000 0.111111 0.020000
0 0.168889 0.805625 0.108889 0.023750
0 0.419444 0.804375 0.138889 0.021250
0 0.669444 0.807500 0.107778 0.025000
0 0.918889 0.805625 0.113333 0.023750
0 0.168889 0.878750 0.106667 0.022500
0 0.418889 0.882500 0.131111 0.025000
0 0.669444 0.880625 0.130000 0.023750
0 0.919444 0.879375 0.130000 0.023750
0 0.169444 0.954375 0.130000 0.023750
0 0.419444 0.956875 0.103333 0.018750
0 0.669444 0.956875 0.136667 0.021250
0 0.919444 0.956875 0.101111 0.021250