0 0.169444 0.068125 0.114444 0.021250
0 0.418889 0.068125 0.131111 0.023750
0 0.668889 0.069375 0.106667 0.018750
0 0.919444 0.068125 0.121111 0.023750
0 0.169444 0.139375 0.125556 0.021250
0 0.419444 0.143125 0.105556 0.018750
0 0.668889 0.143125 0.128889 0.021250
0 0.918889 0.144375 0.133333 0.021250
0 0.169444 0.210625 0.130000 0.023750
0 0.418889 0.213750 0.128889 0.022500
0 0.668889 0.211875 0.115556 0.023750
0 0.919444 0.215000 0.107778 0.017500
0 0.169444 0.285625 0.114444 0.021250
0 0.419444 0.285625 0.158889 0.023750
0 0.668889 0.283750 0.146667 0.022500
0 0.919444 0.285625 0.125556 0.026250
0 0.169444 0.364375 0.103333 0.018750
0 0.418889 0.361250 0.128889 0.022500
0 0.669444 0.365625 0.132222 0.021250
0 0.918889 0.360625 0.133333 0.021250
0 0.169444 0.436250 0.114444 0.022500
0 0.419444 0.438750 0.125556 0.017500
0 0.668889 0.434375 0.135556 0.021250
0 0.919444 0.435000 0.116667 0.022500
0 0.169444 0.505625 0.130000 0.023750
0 0.419444 0.506875 0.107778 0.023750
0 0.669444 0.506250 0.143333 0.022500
0 0.919444 0.506250 0.114444 0.022500
0 0.169444 0.582500 0.118889 0.025000
0 0.419444 0.582500 0.098889 0.017500
0 0.668889 0.580000 0.115556 0.022500
0 0.919444 0.580625 0.130000 0.021250
0 0.169444 0.655000 0.130000 0.022500
0 0.419444 0.655625 0.114444 0.021250
0 0.669444 0.655625 0.114444 0.021250
0 0.919444 0.656875 0.121111 0.023750
0 0.168889 0.731250 0.126667 0.017500
0 0.419444 0.728750 0.138889 0.020000
0 0.669444 0.727500 0.132222 0.022500
0 0.919444 0.731875 0.112222 0.018750
0 0.169444 0.806250 0.121111 0.017500
0 0.419444 0.801875 0.130000 0.023750
0 0.669444 0.801875 0.158889 0.023750
0 0.918889 0.802500 0.097778 0.017500
0 0.169444 0.876250 0.118889 0.025000
0 0.418889 0.874375 0.133333 0.021250
0 0.668889 0.877500 0.124444 0.025000
0 0.918889 0.873750 0.146667 0.022500
0 0.169444 0.953125 0.121111 0.016250
0 0.418889 0.951250 0.144444 0.022500
0 0.668889 0.951250 0.104444 0.017500
0 0.918889 0.949375 0.111111 0.023750