0 0.168889 0.066875 0.144444 0.023750
0 0.418889 0.067500 0.113333 0.025000
0 0.669444 0.070000 0.127778 0.020000
0 0.919444 0.068750 0.118889 0.017500
0 0.169444 0.141875 0.130000 0.023750
0 0.419444 0.145625 0.141111 0.018750
0 0.669444 0.141875 0.112222 0.021250
0 0.918889 0.140000 0.120000 0.022500
0 0.168889 0.214375 0.131111 0.018750
0 0.419444 0.215000 0.143333 0.022500
0 0.669444 0.216875 0.121111 0.023750
0 0.918889 0.217500 0.113333 0.017500
0 0.168889 0.290000 0.097778 0.017500
0 0.419444 0.288750 0.138889 0.020000
0 0.668889 0.287500 0.133333 0.022500
0 0.919444 0.291250 0.118889 0.022500
0 0.169444 0.361875 0.130000 0.023750
0 0.419444 0.360000 0.132222 0.022500
0 0.669444 0.361250 0.130000 0.022500
0 0.918889 0.361250 0.106667 0.022500
0 0.169444 0.435625 0.150000 0.021250
0 0.419444 0.435000 0.130000 0.025000
0 0.669444 0.438125 0.123333 0.016250
0 0.918889 0.433750 0.133333 0.022500
0 0.168889 0.510625 0.126667 0.021250
0 0.419444 0.513125 0.145556 0.021250
0 0.668889 0.510625 0.128889 0.023750
0 0.919444 0.513125 0.132222 0.018750
0 0.168889 0.582500 0.133333 0.022500
0 0.418889 0.585000 0.104444 0.017500
0 0.668889 0.583125 0.100000 0.021250
0 0.918889 0.585000 0.144444 0.022500
0 0.169444 0.656875 0.130000 0.023750
0 0.418889 0.655000 0.106667 0.022500
0 0.669444 0.655000 0.118889 0.022500
0 0.919444 0.658750 0.114444 0.022500
0 0.169444 0.730625 0.141111 0.021250
0 0.419444 0.731250 0.096667 0.017500
0 0.669444 0.733125 0.118889 0.021250
0 0.918889 0.729375 0.157778 0.021250
0 0.169444 0.805000 0.121111 0.017500
0 0.418889 0.801875 0.144444 0.023750
0 0.669444 0.801250 0.130000 0.022500
0 0.919444 0.804375 0.105556 0.018750
0 0.169444 0.877500 0.123333 0.025000
0 0.418889 0.875000 0.128889 0.022500
0 0.668889 0.875000 0.131111 0.020000
0 0.919444 0.877500 0.118889 0.017500
0 0.169444 0.950000 0.130000 0.022500
0 0.418889 0.953125 0.108889 0.018750
0 0.669444 0.950000 0.125556 0.020000
0 0.919444 0.952500 0.143333 0.022500