0 0.169444 0.070625 0.134444 0.021250
0 0.419444 0.066875 0.143333 0.021250
0 0.669444 0.066875 0.121111 0.021250
0 0.919444 0.066875 0.130000 0.023750
0 0.169444 0.143750 0.130000 0.017500
0 0.419444 0.140000 0.130000 0.022500
0 0.669444 0.142500 0.125556 0.025000
0 0.919444 0.142500 0.110000 0.017500
0 0.168889 0.215625 0.144444 0.023750
0 0.419444 0.216250 0.130000 0.022500
0 0.668889 0.214375 0.113333 0.023750
0 0.919444 0.215625 0.141111 0.021250
0 0.168889 0.288125 0.093333 0.021250
0 0.419444 0.290625 0.123333 0.021250
0 0.668889 0.288125 0.113333 0.021250
0 0.918889 0.290625 0.111111 0.016250
0 0.169444 0.360000 0.141111 0.022500
0 0.418889 0.358750 0.093333 0.022500
0 0.669444 0.360000 0.114444 0.022500
0 0.919444 0.360000 0.130000 0.022500
0 0.168889 0.431875 0.106667 0.021250
0 0.418889 0.436250 0.135556 0.017500
0 0.669444 0.435625 0.092222 0.018750
0 0.918889 0.431250 0.120000 0.022500
0 0.168889 0.505000 0.106667 0.022500
0 0.418889 0.506875 0.131111 0.023750
0 0.668889 0.504375 0.115556 0.023750
0 0.919444 0.507500 0.130000 0.017500
0 0.169444 0.580625 0.101111 0.018750
0 0.419444 0.579375 0.112222 0.021250
0 0.669444 0.581875 0.127778 0.021250
0 0.919444 0.581250 0.121111 0.017500
0 0.169444 0.653125 0.112222 0.018750
0 0.418889 0.651875 0.088889 0.018750
0 0.669444 0.650625 0.107778 0.023750
0 0.918889 0.654375 0.133333 0.016250
0 0.168889 0.727500 0.128889 0.017500
0 0.419444 0.726250 0.121111 0.017500
0 0.668889 0.727500 0.124444 0.017500
0 0.918889 0.723750 0.106667 0.022500
0 0.168889 0.796250 0.133333 0.022500
0 0.418889 0.796250 0.131111 0.020000
0 0.669444 0.797500 0.118889 0.025000
0 0.919444 0.797500 0.083333 0.017500
0 0.169444 0.874375 0.118889 0.021250
0 0.419444 0.871250 0.141111 0.022500
0 0.668889 0.870000 0.106667 0.022500
0 0.918889 0.871875 0.144444 0.023750
0 0.169444 0.945625 0.130000 0.023750
0 0.418889 0.946875 0.113333 0.016250
0 0.668889 0.946875 0.124444 0.018750
0 0.919444 0.945000 0.130000 0.022500