0 0.168889 0.067500 0.111111 0.022500
0 0.419444 0.066250 0.130000 0.022500
0 0.668889 0.069375 0.111111 0.018750
0 0.918889 0.066875 0.115556 0.023750
0 0.169444 0.142500 0.123333 0.017500
0 0.418889 0.144375 0.137778 0.018750
0 0.669444 0.145000 0.121111 0.017500
0 0.919444 0.140000 0.130000 0.025000
0 0.169444 0.218750 0.118889 0.020000
0 0.418889 0.214375 0.120000 0.021250
0 0.669444 0.215000 0.143333 0.022500
0 0.919444 0.215625 0.134444 0.021250
0 0.169444 0.289375 0.130000 0.021250
0 0.418889 0.288750 0.104444 0.017500
0 0.668889 0.291250 0.126667 0.020000
0 0.919444 0.291250 0.127778 0.020000
0 0.168889 0.358750 0.111111 0.020000
0 0.419444 0.363125 0.132222 0.018750
0 0.669444 0.360625 0.083333 0.016250
0 0.918889 0.358750 0.106667 0.022500
0 0.169444 0.435000 0.121111 0.017500
0 0.419444 0.433750 0.107778 0.017500
0 0.669444 0.431250 0.130000 0.025000
0 0.919444 0.434375 0.143333 0.021250
0 0.168889 0.506875 0.144444 0.023750
0 0.419444 0.506875 0.114444 0.021250
0 0.669444 0.508750 0.103333 0.025000
0 0.918889 0.509375 0.120000 0.021250
0 0.168889 0.581250 0.128889 0.022500
0 0.419444 0.583750 0.118889 0.025000
0 0.669444 0.583125 0.101111 0.021250
0 0.919444 0.581875 0.130000 0.023750
0 0.169444 0.655000 0.101111 0.020000
0 0.419444 0.656250 0.123333 0.020000
0 0.668889 0.656250 0.115556 0.022500
0 0.919444 0.658750 0.121111 0.017500
0 0.169444 0.728750 0.098889 0.020000
0 0.418889 0.732500 0.108889 0.020000
0 0.669444 0.728125 0.098889 0.023750
0 0.919444 0.731875 0.114444 0.018750
0 0.169444 0.802500 0.143333 0.022500
0 0.418889 0.805000 0.117778 0.017500
0 0.668889 0.801875 0.117778 0.018750
0 0.918889 0.803125 0.144444 0.023750
0 0.169444 0.878125 0.110000 0.018750
0 0.418889 0.876875 0.113333 0.023750
0 0.669444 0.878750 0.107778 0.017500
0 0.919444 0.879375 0.107778 0.018750
0 0.168889 0.953125 0.100000 0.018750
0 0.418889 0.953125 0.128889 0.016250
0 0.668889 0.953125 0.100000 0.018750
0 0.919444 0.952500 0.112222 0.017500