0 0.168889 0.070625 0.142222 0.018750
0 0.418889 0.065625 0.120000 0.021250
0 0.669444 0.066250 0.143333 0.022500
0 0.918889 0.065625 0.111111 0.023750
0 0.168889 0.139375 0.140000 0.021250
0 0.418889 0.142500 0.133333 0.025000
0 0.669444 0.141250 0.114444 0.025000
0 0.919444 0.142500 0.118889 0.017500
0 0.168889 0.215625 0.126667 0.021250
0 0.418889 0.218750 0.113333 0.017500
0 0.668889 0.218125 0.091111 0.018750
0 0.919444 0.213750 0.118889 0.022500
0 0.168889 0.286875 0.113333 0.021250
0 0.418889 0.291250 0.120000 0.017500
0 0.668889 0.287500 0.111111 0.020000
0 0.918889 0.286875 0.120000 0.021250
0 0.169444 0.361250 0.125556 0.025000
0 0.418889 0.360000 0.144444 0.022500
0 0.669444 0.359375 0.141111 0.021250
0 0.919444 0.363750 0.132222 0.017500
0 0.168889 0.433750 0.120000 0.020000
0 0.419444 0.435000 0.127778 0.025000
0 0.669444 0.437500 0.107778 0.017500
0 0.918889 0.433125 0.120000 0.021250
0 0.169444 0.510625 0.121111 0.023750
0 0.419444 0.510000 0.130000 0.022500
0 0.668889 0.508750 0.128889 0.022500
0 0.919444 0.509375 0.130000 0.023750
0 0.169444 0.581875 0.130000 0.023750
0 0.419444 0.586875 0.132222 0.021250
0 0.668889 0.581875 0.111111 0.023750
0 0.918889 0.583750 0.117778 0.017500
0 0.169444 0.656875 0.130000 0.023750
0 0.419444 0.656875 0.150000 0.021250
0 0.668889 0.658750 0.095556 0.017500
0 0.918889 0.656875 0.117778 0.023750
0 0.168889 0.728750 0.106667 0.022500
0 0.419444 0.734375 0.112222 0.016250
0 0.669444 0.730000 0.130000 0.022500
0 0.918889 0.731875 0.131111 0.023750
0 0.168889 0.805000 0.093333 0.020000
0 0.419444 0.806875 0.112222 0.018750
0 0.668889 0.803750 0.128889 0.022500
0 0.918889 0.805000 0.144444 0.022500
0 0.169444 0.875000 0.132222 0.022500
0 0.419444 0.880000 0.132222 0.017500
0 0.668889 0.880000 0.126667 0.020000
0 0.919444 0.876250 0.130000 0.025000
0 0.169444 0.951250 0.130000 0.022500
0 0.418889 0.954375 0.131111 0.016250
0 0.669444 0.950625 0.092222 0.018750
0 0.918889 0.950000 0.133333 0.022500