0 0.168889 0.066875 0.144444 0.023750
0 0.419444 0.068750 0.107778 0.017500
0 0.669444 0.070000 0.132222 0.022500
0 0.919444 0.066875 0.107778 0.021250
0 0.168889 0.140625 0.144444 0.023750
0 0.418889 0.139375 0.113333 0.021250
0 0.668889 0.140000 0.115556 0.022500
0 0.918889 0.140000 0.097778 0.017500
0 0.168889 0.213750 0.128889 0.022500
0 0.418889 0.215000 0.104444 0.017500
0 0.669444 0.215625 0.101111 0.021250
0 0.918889 0.215000 0.091111 0.017500
0 0.169444 0.288750 0.143333 0.022500
0 0.419444 0.286875 0.130000 0.023750
0 0.668889 0.287500 0.097778 0.017500
0 0.919444 0.289375 0.110000 0.021250
0 0.168889 0.362500 0.111111 0.015000
0 0.419444 0.364375 0.112222 0.016250
0 0.668889 0.359375 0.120000 0.021250
0 0.918889 0.360625 0.144444 0.023750
0 0.168889 0.433750 0.115556 0.022500
0 0.418889 0.435625 0.146667 0.023750
0 0.668889 0.436250 0.120000 0.025000
0 0.919444 0.434375 0.150000 0.021250
0 0.168889 0.510625 0.102222 0.016250
0 0.419444 0.509375 0.130000 0.023750
0 0.668889 0.508750 0.120000 0.022500
0 0.919444 0.511875 0.116667 0.021250
0 0.169444 0.583125 0.112222 0.021250
0 0.419444 0.585000 0.121111 0.017500
0 0.669444 0.583125 0.143333 0.021250
0 0.919444 0.583750 0.118889 0.025000
0 0.169444 0.657500 0.143333 0.022500
0 0.419444 0.659375 0.110000 0.018750
0 0.669444 0.657500 0.143333 0.022500
0 0.919444 0.658125 0.141111 0.021250
0 0.168889 0.730000 0.106667 0.022500
0 0.418889 0.729375 0.146667 0.021250
0 0.669444 0.730000 0.130000 0.022500
0 0.919444 0.732500 0.114444 0.022500
0 0.169444 0.801250 0.105556 0.022500
0 0.419444 0.803125 0.143333 0.023750
0 0.668889 0.801875 0.120000 0.021250
0 0.918889 0.802500 0.120000 0.020000
0 0.168889 0.880000 0.120000 0.017500
0 0.419444 0.878750 0.123333 0.017500
0 0.668889 0.875000 0.106667 0.022500
0 0.918889 0.876875 0.102222 0.021250
0 0.169444 0.948750 0.123333 0.020000
0 0.418889 0.951875 0.111111 0.016250
0 0.668889 0.948125 0.120000 0.021250
0 0.919444 0.951250 0.107778 0.020000