0 0.168889 0.065625 0.146667 0.021250
0 0.418889 0.065625 0.120000 0.021250
0 0.669444 0.066875 0.121111 0.021250
0 0.918889 0.066250 0.106667 0.022500
0 0.168889 0.140000 0.140000 0.022500
0 0.419444 0.139375 0.130000 0.023750
0 0.669444 0.140000 0.134444 0.025000
0 0.919444 0.141875 0.121111 0.016250
0 0.168889 0.213125 0.140000 0.023750
0 0.419444 0.213125 0.101111 0.021250
0 0.668889 0.213125 0.113333 0.021250
0 0.919444 0.218125 0.112222 0.018750
0 0.168889 0.288750 0.091111 0.017500
0 0.419444 0.289375 0.121111 0.016250
0 0.669444 0.291250 0.107778 0.020000
0 0.919444 0.287500 0.130000 0.025000
0 0.168889 0.365625 0.128889 0.021250
0 0.419444 0.363750 0.127778 0.025000
0 0.668889 0.365625 0.120000 0.018750
0 0.919444 0.364375 0.121111 0.023750
0 0.169444 0.436250 0.132222 0.022500
0 0.418889 0.436875 0.137778 0.021250
0 0.669444 0.439375 0.110000 0.018750
0 0.919444 0.439375 0.130000 0.021250
0 0.168889 0.510000 0.120000 0.022500
0 0.419444 0.510625 0.101111 0.023750
0 0.668889 0.510000 0.093333 0.020000
0 0.919444 0.510625 0.130000 0.023750
0 0.168889 0.583750 0.093333 0.020000
0 0.419444 0.584375 0.107778 0.021250
0 0.668889 0.585625 0.131111 0.023750
0 0.919444 0.582500 0.136667 0.020000
0 0.169444 0.662500 0.114444 0.017500
0 0.418889 0.659375 0.111111 0.016250
0 0.668889 0.659375 0.131111 0.023750
0 0.918889 0.656250 0.120000 0.022500
0 0.168889 0.735000 0.108889 0.020000
0 0.419444 0.731250 0.130000 0.022500
0 0.668889 0.733750 0.128889 0.020000
0 0.919444 0.731875 0.125556 0.023750
0 0.169444 0.805625 0.130000 0.023750
0 0.419444 0.805000 0.143333 0.022500
0 0.668889 0.804375 0.133333 0.021250
0 0.919444 0.807500 0.136667 0.025000
0 0.168889 0.881875 0.102222 0.016250
0 0.418889 0.883125 0.113333 0.018750
0 0.669444 0.885000 0.138889 0.017500
0 0.918889 0.878750 0.120000 0.022500
0 0.168889 0.956250 0.108889 0.017500
0 0.419444 0.955000 0.123333 0.025000
0 0.668889 0.951875 0.113333 0.021250
0 0.919444 0.955000 0.118889 0.025000