0 0.169444 0.066875 0.130000 0.023750
0 0.418889 0.066250 0.131111 0.020000
0 0.669444 0.066875 0.141111 0.021250
0 0.919444 0.065000 0.092222 0.022500
0 0.169444 0.143125 0.112222 0.018750
0 0.418889 0.142500 0.095556 0.017500
0 0.668889 0.141875 0.131111 0.023750
0 0.919444 0.140000 0.130000 0.022500
0 0.169444 0.215625 0.123333 0.021250
0 0.419444 0.212500 0.105556 0.022500
0 0.669444 0.217500 0.127778 0.017500
0 0.919444 0.215625 0.098889 0.016250
0 0.169444 0.286875 0.130000 0.021250
0 0.418889 0.286250 0.133333 0.022500
0 0.668889 0.285625 0.120000 0.021250
0 0.918889 0.287500 0.144444 0.022500
0 0.169444 0.361250 0.081111 0.017500
0 0.418889 0.359375 0.108889 0.023750
0 0.668889 0.358750 0.106667 0.022500
0 0.919444 0.359375 0.130000 0.023750
0 0.169444 0.433125 0.125556 0.026250
0 0.418889 0.432500 0.120000 0.020000
0 0.668889 0.436875 0.128889 0.018750
0 0.919444 0.433125 0.130000 0.023750
0 0.169444 0.508750 0.143333 0.022500
0 0.419444 0.511875 0.127778 0.021250
0 0.668889 0.511875 0.126667 0.016250
0 0.919444 0.510625 0.110000 0.018750
0 0.169444 0.584375 0.118889 0.018750
0 0.419444 0.583125 0.098889 0.016250
0 0.668889 0.584375 0.120000 0.021250
0 0.919444 0.585000 0.107778 0.017500
0 0.169444 0.651875 0.101111 0.021250
0 0.418889 0.651875 0.120000 0.021250
0 0.668889 0.653125 0.126667 0.021250
0 0.918889 0.653125 0.115556 0.023750
0 0.168889 0.725625 0.131111 0.018750
0 0.419444 0.726875 0.107778 0.021250
0 0.668889 0.726250 0.106667 0.022500
0 0.919444 0.728750 0.114444 0.022500
0 0.169444 0.802500 0.121111 0.017500
0 0.419444 0.803125 0.134444 0.021250
0 0.669444 0.799375 0.121111 0.021250
0 0.919444 0.801250 0.114444 0.022500
0 0.168889 0.873750 0.104444 0.022500
0 0.419444 0.872500 0.096667 0.017500
0 0.669444 0.871250 0.118889 0.025000
0 0.919444 0.871875 0.094444 0.021250
0 0.169444 0.947500 0.096667 0.017500
0 0.419444 0.946250 0.130000 0.022500
0 0.668889 0.946250 0.157778 0.022500
0 0.919444 0.948125 0.110000 0.021250