0 0.169444 0.066875 0.118889 0.023750
0 0.418889 0.070000 0.128889 0.017500
0 0.669444 0.065625 0.130000 0.023750
0 0.919444 0.067500 0.096667 0.017500
0 0.169444 0.140625 0.123333 0.023750
0 0.418889 0.141250 0.144444 0.025000
0 0.668889 0.138750 0.106667 0.022500
0 0.919444 0.142500 0.121111 0.017500
0 0.168889 0.213750 0.106667 0.022500
0 0.418889 0.216250 0.102222 0.022500
0 0.669444 0.215000 0.130000 0.022500
0 0.919444 0.215625 0.112222 0.021250
0 0.169444 0.288750 0.130000 0.022500
0 0.419444 0.288125 0.143333 0.023750
0 0.668889 0.288750 0.144444 0.022500
0 0.919444 0.290625 0.116667 0.018750
0 0.169444 0.361875 0.107778 0.023750
0 0.418889 0.364375 0.106667 0.018750
0 0.669444 0.363125 0.114444 0.021250
0 0.919444 0.361250 0.130000 0.022500
0 0.169444 0.436875 0.101111 0.018750
0 0.419444 0.436250 0.112222 0.025000
0 0.668889 0.434375 0.131111 0.018750
0 0.919444 0.435000 0.130000 0.022500
0 0.168889 0.514375 0.133333 0.021250
0 0.418889 0.510625 0.144444 0.023750
0 0.668889 0.508750 0.106667 0.022500
0 0.918889 0.508750 0.120000 0.022500
0 0.168889 0.583750 0.115556 0.022500
0 0.418889 0.583125 0.120000 0.021250
0 0.668889 0.583125 0.120000 0.021250
0 0.919444 0.586250 0.121111 0.017500
0 0.168889 0.660000 0.124444 0.017500
0 0.418889 0.655000 0.120000 0.022500
0 0.669444 0.660000 0.136667 0.017500
0 0.918889 0.655000 0.146667 0.022500
0 0.169444 0.729375 0.130000 0.023750
0 0.419444 0.731875 0.116667 0.018750
0 0.669444 0.731250 0.136667 0.025000
0 0.919444 0.733125 0.125556 0.021250
0 0.168889 0.805625 0.113333 0.021250
0 0.419444 0.804375 0.150000 0.021250
0 0.668889 0.803125 0.133333 0.021250
0 0.919444 0.802500 0.132222 0.022500
0 0.169444 0.876875 0.130000 0.023750
0 0.419444 0.876875 0.143333 0.021250
0 0.669444 0.878750 0.136667 0.017500
0 0.919444 0.877500 0.130000 0.022500
0 0.169444 0.949375 0.125556 0.023750
0 0.419444 0.951875 0.110000 0.021250
0 0.668889 0.953750 0.126667 0.020000
0 0.918889 0.950625 0.126667 0.021250