0 0.168889 0.067500 0.097778 0.017500
0 0.418889 0.065625 0.106667 0.021250
0 0.668889 0.066875 0.124444 0.023750
0 0.919444 0.070000 0.121111 0.017500
0 0.169444 0.140625 0.130000 0.023750
0 0.419444 0.139375 0.092222 0.018750
0 0.669444 0.141250 0.130000 0.022500
0 0.918889 0.140000 0.157778 0.022500
0 0.169444 0.213750 0.130000 0.022500
0 0.418889 0.214375 0.144444 0.023750
0 0.669444 0.216875 0.105556 0.018750
0 0.918889 0.213125 0.131111 0.018750
0 0.169444 0.288125 0.130000 0.023750
0 0.418889 0.288125 0.124444 0.023750
0 0.669444 0.290625 0.127778 0.021250
0 0.919444 0.287500 0.152222 0.020000
0 0.168889 0.362500 0.144444 0.022500
0 0.418889 0.360000 0.093333 0.022500
0 0.668889 0.361250 0.126667 0.022500
0 0.919444 0.361250 0.141111 0.022500
0 0.168889 0.433125 0.137778 0.021250
0 0.419444 0.434375 0.130000 0.023750
0 0.668889 0.433125 0.120000 0.021250
0 0.918889 0.432500 0.133333 0.022500
0 0.168889 0.510000 0.128889 0.022500
0 0.419444 0.507500 0.143333 0.022500
0 0.669444 0.507500 0.130000 0.022500
0 0.919444 0.507500 0.130000 0.022500
0 0.169444 0.583125 0.121111 0.018750
0 0.418889 0.583125 0.113333 0.018750
0 0.669444 0.580625 0.114444 0.021250
0 0.919444 0.580625 0.158889 0.023750
0 0.168889 0.655000 0.144444 0.022500
0 0.419444 0.653125 0.130000 0.023750
0 0.668889 0.654375 0.144444 0.023750
0 0.919444 0.655625 0.121111 0.016250
0 0.169444 0.726875 0.130000 0.023750
0 0.419444 0.727500 0.130000 0.022500
0 0.668889 0.731250 0.108889 0.020000
0 0.918889 0.730000 0.124444 0.025000
0 0.168889 0.801250 0.100000 0.020000
0 0.419444 0.802500 0.143333 0.022500
0 0.669444 0.805000 0.118889 0.022500
0 0.919444 0.805000 0.123333 0.025000
0 0.169444 0.876250 0.118889 0.022500
0 0.419444 0.879375 0.114444 0.021250
0 0.668889 0.877500 0.115556 0.025000
0 0.918889 0.882500 0.131111 0.017500
0 0.169444 0.952500 0.143333 0.022500
0 0.419444 0.953750 0.118889 0.025000
0 0.668889 0.956250 0.151111 0.022500
0 0.919444 0.954375 0.103333 0.018750