0 0.168889 0.068750 0.104444 0.022500
0 0.418889 0.065000 0.120000 0.022500
0 0.669444 0.066875 0.130000 0.023750
0 0.919444 0.066250 0.130000 0.022500
0 0.169444 0.140000 0.141111 0.022500
0 0.419444 0.144375 0.132222 0.021250
0 0.669444 0.140000 0.138889 0.020000
0 0.919444 0.145000 0.150000 0.017500
0 0.169444 0.214375 0.110000 0.021250
0 0.419444 0.216250 0.118889 0.020000
0 0.669444 0.211250 0.105556 0.022500
0 0.918889 0.215625 0.104444 0.018750
0 0.169444 0.285625 0.158889 0.023750
0 0.419444 0.285000 0.130000 0.022500
0 0.668889 0.287500 0.104444 0.017500
0 0.918889 0.284375 0.115556 0.023750
0 0.168889 0.358125 0.133333 0.021250
0 0.418889 0.359375 0.115556 0.023750
0 0.668889 0.358750 0.106667 0.022500
0 0.918889 0.358750 0.157778 0.022500
0 0.168889 0.431875 0.120000 0.021250
0 0.418889 0.433750 0.144444 0.022500
0 0.668889 0.436250 0.108889 0.017500
0 0.918889 0.435000 0.104444 0.022500
0 0.169444 0.505625 0.130000 0.023750
0 0.418889 0.503750 0.106667 0.022500
0 0.669444 0.506250 0.116667 0.022500
0 0.918889 0.505000 0.093333 0.020000
0 0.168889 0.581875 0.106667 0.016250
0 0.418889 0.578125 0.120000 0.021250
0 0.668889 0.578750 0.120000 0.020000
0 0.918889 0.578750 0.106667 0.022500
0 0.168889 0.651875 0.144444 0.023750
0 0.419444 0.651875 0.118889 0.023750
0 0.669444 0.651875 0.112222 0.023750
0 0.918889 0.651875 0.144444 0.023750
0 0.168889 0.726875 0.115556 0.023750
0 0.418889 0.724375 0.113333 0.023750
0 0.669444 0.726875 0.101111 0.018750
0 0.918889 0.723750 0.106667 0.022500
0 0.169444 0.803125 0.141111 0.018750
0 0.419444 0.800000 0.116667 0.022500
0 0.668889 0.801875 0.108889 0.016250
0 0.918889 0.798125 0.106667 0.021250
0 0.169444 0.875000 0.141111 0.020000
0 0.418889 0.871250 0.120000 0.022500
0 0.668889 0.870625 0.115556 0.023750
0 0.919444 0.874375 0.127778 0.021250
0 0.169444 0.945625 0.125556 0.023750
0 0.419444 0.946250 0.130000 0.022500
0 0.668889 0.944375 0.137778 0.021250
0 0.918889 0.944375 0.120000 0.021250