0 0.168889 0.066250 0.120000 0.022500
0 0.418889 0.066250 0.093333 0.020000
0 0.668889 0.066250 0.120000 0.022500
0 0.919444 0.068750 0.125556 0.025000
0 0.169444 0.141875 0.141111 0.021250
0 0.419444 0.141875 0.114444 0.021250
0 0.668889 0.141875 0.144444 0.023750
0 0.918889 0.145000 0.120000 0.017500
0 0.168889 0.217500 0.117778 0.025000
0 0.419444 0.217500 0.123333 0.025000
0 0.669444 0.214375 0.125556 0.023750
0 0.918889 0.219375 0.124444 0.016250
0 0.169444 0.293750 0.101111 0.020000
0 0.418889 0.290000 0.157778 0.022500
0 0.668889 0.290000 0.128889 0.022500
0 0.919444 0.293750 0.127778 0.020000
0 0.169444 0.362500 0.143333 0.022500
0 0.419444 0.365625 0.112222 0.018750
0 0.669444 0.365000 0.116667 0.017500
0 0.919444 0.363125 0.125556 0.026250
0 0.169444 0.438750 0.138889 0.020000
0 0.418889 0.440625 0.095556 0.018750
0 0.668889 0.441875 0.126667 0.021250
0 0.918889 0.440000 0.091111 0.017500
0 0.169444 0.511875 0.096667 0.021250
0 0.418889 0.509375 0.140000 0.023750
0 0.669444 0.513750 0.107778 0.020000
0 0.919444 0.513125 0.127778 0.021250
0 0.169444 0.584375 0.130000 0.023750
0 0.418889 0.582500 0.131111 0.020000
0 0.669444 0.588125 0.134444 0.021250
0 0.918889 0.583125 0.106667 0.021250
0 0.168889 0.657500 0.157778 0.022500
0 0.418889 0.658125 0.135556 0.021250
0 0.669444 0.658125 0.130000 0.023750
0 0.919444 0.660000 0.114444 0.022500
0 0.168889 0.731250 0.157778 0.022500
0 0.418889 0.731250 0.120000 0.022500
0 0.668889 0.730000 0.133333 0.022500
0 0.918889 0.731250 0.120000 0.020000
0 0.169444 0.805000 0.130000 0.022500
0 0.418889 0.806875 0.122222 0.016250
0 0.669444 0.805000 0.118889 0.025000
0 0.918889 0.804375 0.108889 0.023750
0 0.168889 0.878750 0.115556 0.022500
0 0.419444 0.879375 0.143333 0.021250
0 0.669444 0.881875 0.110000 0.018750
0 0.918889 0.878750 0.115556 0.022500
0 0.168889 0.951250 0.115556 0.025000
0 0.419444 0.951875 0.130000 0.023750
0 0.668889 0.950625 0.133333 0.021250
0 0.918889 0.951250 0.120000 0.022500