0 0.168889 0.066875 0.144444 0.023750
0 0.418889 0.066875 0.144444 0.023750
0 0.669444 0.066250 0.143333 0.022500
0 0.919444 0.066875 0.112222 0.023750
0 0.168889 0.140625 0.144444 0.023750
0 0.418889 0.140625 0.135556 0.021250
0 0.669444 0.141875 0.123333 0.021250
0 0.918889 0.140625 0.135556 0.021250
0 0.169444 0.215625 0.103333 0.018750
0 0.419444 0.214375 0.130000 0.023750
0 0.668889 0.216875 0.128889 0.018750
0 0.919444 0.213125 0.105556 0.023750
0 0.168889 0.288125 0.144444 0.023750
0 0.418889 0.286875 0.133333 0.021250
0 0.669444 0.290000 0.114444 0.020000
0 0.919444 0.290000 0.118889 0.022500
0 0.169444 0.361250 0.118889 0.025000
0 0.419444 0.360000 0.132222 0.022500
0 0.668889 0.363125 0.115556 0.023750
0 0.919444 0.363750 0.107778 0.025000
0 0.168889 0.435625 0.133333 0.021250
0 0.418889 0.438750 0.111111 0.017500
0 0.668889 0.435625 0.100000 0.018750
0 0.918889 0.435625 0.113333 0.023750
0 0.169444 0.510625 0.130000 0.023750
0 0.418889 0.514375 0.124444 0.018750
0 0.669444 0.510625 0.130000 0.023750
0 0.919444 0.512500 0.110000 0.017500
0 0.168889 0.587500 0.124444 0.017500
0 0.419444 0.584375 0.130000 0.023750
0 0.669444 0.586250 0.121111 0.017500
0 0.919444 0.585000 0.130000 0.022500
0 0.169444 0.658125 0.107778 0.021250
0 0.419444 0.656250 0.118889 0.022500
0 0.669444 0.658125 0.116667 0.023750
0 0.919444 0.661875 0.121111 0.016250
0 0.168889 0.731250 0.128889 0.022500
0 0.418889 0.733750 0.146667 0.025000
0 0.668889 0.732500 0.104444 0.017500
0 0.919444 0.730000 0.118889 0.022500
0 0.168889 0.805000 0.120000 0.022500
0 0.418889 0.807500 0.102222 0.022500
0 0.668889 0.809375 0.120000 0.021250
0 0.919444 0.809375 0.105556 0.018750
0 0.168889 0.881250 0.124444 0.025000
0 0.418889 0.878125 0.120000 0.021250
0 0.668889 0.878125 0.120000 0.021250
0 0.919444 0.878750 0.130000 0.022500
0 0.168889 0.953750 0.133333 0.022500
0 0.419444 0.953750 0.130000 0.022500
0 0.668889 0.952500 0.120000 0.022500
0 0.919444 0.954375 0.116667 0.023750