0 0.168889 0.068125 0.111111 0.016250
0 0.418889 0.068750 0.120000 0.025000
0 0.669444 0.069375 0.125556 0.021250
0 0.919444 0.066250 0.138889 0.020000
0 0.168889 0.141875 0.144444 0.023750
0 0.419444 0.141250 0.143333 0.022500
0 0.668889 0.141250 0.164444 0.022500
0 0.918889 0.141875 0.124444 0.023750
0 0.168889 0.215000 0.111111 0.020000
0 0.418889 0.216250 0.091111 0.017500
0 0.668889 0.213750 0.106667 0.022500
0 0.919444 0.218750 0.110000 0.020000
0 0.168889 0.287500 0.157778 0.022500
0 0.419444 0.287500 0.150000 0.022500
0 0.669444 0.291250 0.121111 0.017500
0 0.919444 0.291250 0.143333 0.020000
0 0.169444 0.359375 0.130000 0.023750
0 0.419444 0.360625 0.130000 0.023750
0 0.669444 0.358750 0.105556 0.022500
0 0.918889 0.360625 0.144444 0.023750
0 0.169444 0.436875 0.103333 0.018750
0 0.418889 0.434375 0.144444 0.023750
0 0.668889 0.433750 0.120000 0.022500
0 0.918889 0.434375 0.126667 0.021250
0 0.168889 0.507500 0.131111 0.020000
0 0.418889 0.508750 0.117778 0.017500
0 0.669444 0.506875 0.125556 0.023750
0 0.918889 0.508125 0.115556 0.023750
0 0.169444 0.583750 0.114444 0.017500
0 0.419444 0.581875 0.090000 0.018750
0 0.668889 0.584375 0.128889 0.018750
0 0.919444 0.583125 0.110000 0.016250
0 0.169444 0.651875 0.121111 0.023750
0 0.418889 0.653750 0.120000 0.020000
0 0.668889 0.650000 0.128889 0.022500
0 0.918889 0.653750 0.126667 0.017500
0 0.169444 0.725625 0.114444 0.021250
0 0.418889 0.726875 0.113333 0.018750
0 0.668889 0.723750 0.157778 0.022500
0 0.918889 0.723125 0.113333 0.021250
0 0.168889 0.798125 0.111111 0.016250
0 0.418889 0.796250 0.111111 0.020000
0 0.669444 0.795000 0.118889 0.022500
0 0.919444 0.796875 0.130000 0.023750
0 0.169444 0.868750 0.105556 0.022500
0 0.419444 0.870625 0.130000 0.023750
0 0.668889 0.872500 0.133333 0.025000
0 0.918889 0.870625 0.128889 0.023750
0 0.168889 0.944375 0.120000 0.021250
0 0.419444 0.948125 0.123333 0.016250
0 0.669444 0.944375 0.132222 0.021250
0 0.918889 0.943750 0.106667 0.022500