0 0.168889 0.065000 0.120000 0.022500
0 0.418889 0.066250 0.093333 0.020000
0 0.668889 0.066875 0.144444 0.023750
0 0.919444 0.067500 0.158889 0.022500
0 0.169444 0.139375 0.098889 0.018750
0 0.418889 0.140625 0.128889 0.023750
0 0.668889 0.140625 0.102222 0.021250
0 0.919444 0.142500 0.098889 0.017500
0 0.168889 0.214375 0.140000 0.023750
0 0.418889 0.217500 0.131111 0.017500
0 0.668889 0.215625 0.131111 0.023750
0 0.918889 0.214375 0.115556 0.023750
0 0.169444 0.291250 0.121111 0.017500
0 0.419444 0.291875 0.134444 0.021250
0 0.668889 0.286875 0.137778 0.021250
0 0.919444 0.291875 0.121111 0.016250
0 0.168889 0.359375 0.140000 0.023750
0 0.418889 0.358750 0.157778 0.022500
0 0.668889 0.361250 0.113333 0.017500
0 0.919444 0.358125 0.158889 0.021250
0 0.168889 0.432500 0.120000 0.022500
0 0.419444 0.432500 0.130000 0.022500
0 0.668889 0.432500 0.120000 0.020000
0 0.918889 0.431875 0.113333 0.021250
0 0.168889 0.505000 0.111111 0.020000
0 0.419444 0.508125 0.121111 0.021250
0 0.668889 0.506250 0.131111 0.022500
0 0.918889 0.505625 0.144444 0.023750
0 0.169444 0.582500 0.121111 0.017500
0 0.418889 0.578750 0.120000 0.022500
0 0.669444 0.582500 0.110000 0.020000
0 0.918889 0.579375 0.144444 0.023750
0 0.168889 0.655625 0.113333 0.018750
0 0.418889 0.653125 0.144444 0.023750
0 0.669444 0.652500 0.098889 0.020000
0 0.918889 0.653125 0.157778 0.023750
0 0.169444 0.728750 0.130000 0.025000
0 0.418889 0.727500 0.097778 0.017500
0 0.669444 0.726250 0.101111 0.020000
0 0.919444 0.725000 0.136667 0.020000
0 0.169444 0.801875 0.112222 0.021250
0 0.419444 0.801250 0.130000 0.022500
0 0.668889 0.803750 0.128889 0.022500
0 0.919444 0.805000 0.134444 0.017500
0 0.168889 0.875000 0.115556 0.022500
0 0.419444 0.874375 0.123333 0.023750
0 0.668889 0.872500 0.120000 0.022500
0 0.918889 0.873125 0.120000 0.021250
0 0.168889 0.950000 0.104444 0.022500
0 0.418889 0.950625 0.106667 0.018750
0 0.669444 0.947500 0.118889 0.025000
0 0.919444 0.947500 0.101111 0.020000