0 0.169444 0.069375 0.130000 0.016250
0 0.419444 0.066875 0.130000 0.023750
0 0.669444 0.066250 0.130000 0.022500
0 0.919444 0.066250 0.130000 0.025000
0 0.168889 0.140625 0.113333 0.023750
0 0.419444 0.142500 0.116667 0.022500
0 0.669444 0.140000 0.118889 0.022500
0 0.918889 0.144375 0.126667 0.021250
0 0.168889 0.214375 0.120000 0.021250
0 0.418889 0.215000 0.120000 0.022500
0 0.669444 0.216250 0.101111 0.020000
0 0.919444 0.217500 0.114444 0.017500
0 0.169444 0.287500 0.150000 0.020000
0 0.419444 0.289375 0.105556 0.021250
0 0.668889 0.290625 0.128889 0.021250
0 0.918889 0.289375 0.131111 0.023750
0 0.169444 0.361875 0.121111 0.021250
0 0.418889 0.364375 0.106667 0.018750
0 0.669444 0.361250 0.130000 0.022500
0 0.919444 0.361250 0.118889 0.025000
0 0.169444 0.436875 0.130000 0.023750
0 0.419444 0.436875 0.130000 0.023750
0 0.668889 0.436250 0.120000 0.022500
0 0.918889 0.435625 0.120000 0.021250
0 0.168889 0.511875 0.086667 0.018750
0 0.419444 0.510000 0.130000 0.025000
0 0.668889 0.508750 0.120000 0.022500
0 0.918889 0.512500 0.120000 0.017500
0 0.168889 0.586250 0.140000 0.022500
0 0.418889 0.589375 0.124444 0.018750
0 0.669444 0.586250 0.116667 0.022500
0 0.919444 0.585625 0.130000 0.021250
0 0.168889 0.657500 0.120000 0.020000
0 0.419444 0.656875 0.101111 0.021250
0 0.668889 0.661875 0.140000 0.018750
0 0.918889 0.658125 0.135556 0.021250
0 0.169444 0.733125 0.141111 0.018750
0 0.419444 0.730000 0.125556 0.022500
0 0.669444 0.727500 0.145556 0.020000
0 0.918889 0.730000 0.144444 0.022500
0 0.169444 0.801875 0.118889 0.023750
0 0.419444 0.803125 0.121111 0.023750
0 0.669444 0.803750 0.107778 0.017500
0 0.918889 0.801875 0.102222 0.018750
0 0.169444 0.879375 0.101111 0.018750
0 0.418889 0.873750 0.106667 0.022500
0 0.669444 0.877500 0.125556 0.025000
0 0.918889 0.878750 0.126667 0.020000
0 0.168889 0.950000 0.157778 0.022500
0 0.419444 0.951875 0.123333 0.021250
0 0.669444 0.952500 0.123333 0.025000
0 0.919444 0.950625 0.130000 0.023750