0 0.168889 0.065625 0.120000 0.021250
0 0.418889 0.065000 0.146667 0.022500
0 0.668889 0.065625 0.144444 0.023750
0 0.919444 0.068750 0.123333 0.017500
0 0.169444 0.143125 0.107778 0.018750
0 0.418889 0.138750 0.120000 0.022500
0 0.669444 0.143125 0.121111 0.016250
0 0.919444 0.140625 0.130000 0.023750
0 0.168889 0.214375 0.068889 0.018750
0 0.418889 0.214375 0.093333 0.021250
0 0.669444 0.216875 0.114444 0.018750
0 0.918889 0.217500 0.124444 0.017500
0 0.168889 0.283750 0.133333 0.022500
0 0.419444 0.285000 0.114444 0.022500
0 0.669444 0.283750 0.132222 0.022500
0 0.918889 0.284375 0.120000 0.021250
0 0.169444 0.358125 0.141111 0.021250
0 0.419444 0.359375 0.130000 0.021250
0 0.669444 0.357500 0.130000 0.022500
0 0.919444 0.357500 0.143333 0.022500
0 0.168889 0.429375 0.120000 0.021250
0 0.418889 0.430000 0.144444 0.025000
0 0.669444 0.430625 0.130000 0.023750
0 0.918889 0.429375 0.100000 0.018750
0 0.169444 0.505000 0.130000 0.025000
0 0.419444 0.505625 0.130000 0.023750
0 0.668889 0.507500 0.111111 0.015000
0 0.919444 0.505625 0.125556 0.026250
0 0.169444 0.585000 0.136667 0.017500
0 0.418889 0.580625 0.106667 0.021250
0 0.669444 0.583125 0.121111 0.016250
0 0.919444 0.580625 0.130000 0.023750
0 0.169444 0.654375 0.130000 0.023750
0 0.419444 0.655625 0.130000 0.023750
0 0.668889 0.655625 0.102222 0.021250
0 0.918889 0.656250 0.124444 0.025000
0 0.169444 0.731875 0.121111 0.016250
0 0.418889 0.730625 0.144444 0.023750
0 0.669444 0.733750 0.121111 0.017500
0 0.918889 0.730000 0.120000 0.022500
0 0.168889 0.805625 0.131111 0.023750
0 0.419444 0.805000 0.130000 0.025000
0 0.668889 0.804375 0.124444 0.023750
0 0.918889 0.806875 0.113333 0.018750
0 0.169444 0.881250 0.103333 0.020000
0 0.419444 0.877500 0.132222 0.022500
0 0.668889 0.877500 0.106667 0.022500
0 0.918889 0.878125 0.120000 0.021250
0 0.168889 0.953750 0.106667 0.017500
0 0.418889 0.950625 0.113333 0.021250
0 0.669444 0.954375 0.127778 0.021250
0 0.919444 0.950625 0.141111 0.021250