0 0.169444 0.070000 0.118889 0.020000
0 0.418889 0.068750 0.124444 0.025000
0 0.669444 0.066875 0.130000 0.021250
0 0.919444 0.066250 0.143333 0.022500
0 0.168889 0.141250 0.097778 0.017500
0 0.418889 0.143750 0.095556 0.017500
0 0.669444 0.143750 0.123333 0.017500
0 0.918889 0.141250 0.115556 0.022500
0 0.169444 0.217500 0.112222 0.017500
0 0.418889 0.213125 0.115556 0.023750
0 0.669444 0.214375 0.121111 0.021250
0 0.918889 0.216875 0.113333 0.016250
0 0.169444 0.287500 0.143333 0.022500
0 0.419444 0.288125 0.130000 0.023750
0 0.668889 0.292500 0.142222 0.017500
0 0.918889 0.287500 0.117778 0.020000
0 0.168889 0.360625 0.093333 0.021250
0 0.418889 0.363125 0.113333 0.016250
0 0.668889 0.363125 0.115556 0.023750
0 0.918889 0.360625 0.133333 0.021250
0 0.169444 0.440000 0.123333 0.017500
0 0.418889 0.435000 0.120000 0.020000
0 0.669444 0.437500 0.107778 0.017500
0 0.919444 0.435625 0.130000 0.023750
0 0.168889 0.508125 0.120000 0.021250
0 0.419444 0.510625 0.110000 0.021250
0 0.668889 0.508125 0.115556 0.023750
0 0.919444 0.509375 0.130000 0.023750
0 0.169444 0.581875 0.125556 0.021250
0 0.419444 0.582500 0.130000 0.022500
0 0.669444 0.583125 0.130000 0.023750
0 0.918889 0.582500 0.144444 0.025000
0 0.168889 0.657500 0.120000 0.022500
0 0.418889 0.657500 0.093333 0.020000
0 0.669444 0.658125 0.107778 0.023750
0 0.919444 0.661250 0.110000 0.020000
0 0.169444 0.731875 0.130000 0.023750
0 0.418889 0.732500 0.128889 0.025000
0 0.669444 0.731250 0.130000 0.022500
0 0.918889 0.734375 0.106667 0.018750
0 0.169444 0.810000 0.145556 0.020000
0 0.418889 0.808750 0.108889 0.020000
0 0.669444 0.805625 0.125556 0.023750
0 0.918889 0.806250 0.131111 0.020000
0 0.168889 0.880625 0.135556 0.021250
0 0.418889 0.880000 0.120000 0.022500
0 0.669444 0.884375 0.134444 0.021250
0 0.918889 0.882500 0.111111 0.017500
0 0.169444 0.953125 0.130000 0.023750
0 0.419444 0.952500 0.105556 0.025000
0 0.668889 0.955625 0.131111 0.016250
0 0.918889 0.955625 0.120000 0.018750