0 0.168889 0.065625 0.133333 0.021250
0 0.419444 0.068125 0.121111 0.023750
0 0.668889 0.066875 0.113333 0.023750
0 0.919444 0.066250 0.143333 0.022500
0 0.168889 0.138750 0.137778 0.020000
0 0.419444 0.140625 0.125556 0.026250
0 0.669444 0.143125 0.127778 0.016250
0 0.919444 0.141250 0.125556 0.022500
0 0.168889 0.220000 0.111111 0.017500
0 0.419444 0.216875 0.130000 0.023750
0 0.668889 0.218750 0.122222 0.017500
0 0.919444 0.216875 0.123333 0.018750
0 0.169444 0.290625 0.121111 0.021250
0 0.418889 0.289375 0.120000 0.021250
0 0.669444 0.291875 0.101111 0.018750
0 0.919444 0.292500 0.118889 0.022500
0 0.168889 0.362500 0.131111 0.020000
0 0.419444 0.362500 0.143333 0.022500
0 0.669444 0.365625 0.125556 0.018750
0 0.918889 0.362500 0.128889 0.022500
0 0.168889 0.434375 0.120000 0.021250
0 0.418889 0.439375 0.120000 0.016250
0 0.669444 0.438750 0.132222 0.017500
0 0.918889 0.435625 0.144444 0.023750
0 0.168889 0.508125 0.093333 0.018750
0 0.418889 0.511250 0.122222 0.017500
0 0.669444 0.512500 0.134444 0.017500
0 0.919444 0.511250 0.118889 0.022500
0 0.169444 0.583750 0.114444 0.025000
0 0.418889 0.580625 0.133333 0.021250
0 0.668889 0.584375 0.137778 0.018750
0 0.918889 0.580000 0.120000 0.022500
0 0.169444 0.657500 0.125556 0.022500
0 0.419444 0.656250 0.130000 0.025000
0 0.669444 0.656875 0.143333 0.023750
0 0.918889 0.655625 0.097778 0.018750
0 0.168889 0.733125 0.111111 0.016250
0 0.419444 0.733750 0.118889 0.022500
0 0.669444 0.731875 0.130000 0.023750
0 0.918889 0.730625 0.133333 0.021250
0 0.168889 0.805000 0.120000 0.020000
0 0.418889 0.806250 0.128889 0.025000
0 0.669444 0.805625 0.158889 0.023750
0 0.919444 0.808750 0.107778 0.020000
0 0.169444 0.880625 0.130000 0.023750
0 0.419444 0.881875 0.098889 0.016250
0 0.668889 0.884375 0.133333 0.021250
0 0.919444 0.880000 0.118889 0.025000
0 0.169444 0.958125 0.105556 0.018750
0 0.418889 0.959375 0.124444 0.018750
0 0.669444 0.957500 0.107778 0.020000
0 0.919444 0.955625 0.125556 0.026250