0 0.169444 0.066875 0.130000 0.023750
0 0.419444 0.069375 0.110000 0.021250
0 0.668889 0.065625 0.133333 0.021250
0 0.918889 0.068750 0.131111 0.025000
0 0.169444 0.143125 0.121111 0.023750
0 0.419444 0.141250 0.143333 0.022500
0 0.668889 0.145000 0.128889 0.017500
0 0.918889 0.143750 0.113333 0.017500
0 0.169444 0.218750 0.143333 0.020000
0 0.418889 0.216875 0.131111 0.023750
0 0.669444 0.218750 0.132222 0.017500
0 0.919444 0.214375 0.101111 0.021250
0 0.168889 0.290625 0.111111 0.016250
0 0.418889 0.291250 0.133333 0.025000
0 0.669444 0.290625 0.114444 0.021250
0 0.919444 0.290625 0.121111 0.016250
0 0.169444 0.366250 0.123333 0.025000
0 0.418889 0.368125 0.106667 0.021250
0 0.668889 0.364375 0.093333 0.021250
0 0.918889 0.363750 0.115556 0.025000
0 0.169444 0.438750 0.130000 0.022500
0 0.418889 0.438750 0.106667 0.022500
0 0.668889 0.440000 0.097778 0.017500
0 0.919444 0.438750 0.130000 0.025000
0 0.168889 0.512500 0.146667 0.022500
0 0.419444 0.513750 0.130000 0.022500
0 0.668889 0.513125 0.111111 0.023750
0 0.918889 0.516250 0.128889 0.022500
0 0.169444 0.590000 0.090000 0.017500
0 0.418889 0.587500 0.128889 0.022500
0 0.668889 0.586250 0.106667 0.022500
0 0.918889 0.588125 0.144444 0.023750
0 0.169444 0.665625 0.125556 0.021250
0 0.419444 0.661875 0.143333 0.023750
0 0.668889 0.661875 0.144444 0.023750
0 0.918889 0.663750 0.120000 0.017500
0 0.168889 0.734375 0.146667 0.021250
0 0.418889 0.737500 0.106667 0.025000
0 0.669444 0.735625 0.121111 0.021250
0 0.918889 0.733750 0.133333 0.022500
0 0.169444 0.811875 0.114444 0.021250
0 0.419444 0.813750 0.121111 0.015000
0 0.668889 0.808750 0.120000 0.022500
0 0.918889 0.809375 0.111111 0.023750
0 0.168889 0.887500 0.120000 0.020000
0 0.419444 0.884375 0.112222 0.021250
0 0.668889 0.883125 0.133333 0.021250
0 0.919444 0.883750 0.150000 0.020000
0 0.168889 0.954375 0.133333 0.021250
0 0.419444 0.955625 0.121111 0.021250
0 0.669444 0.958750 0.125556 0.020000
0 0.919444 0.958125 0.121111 0.016250