0 0.169444 0.066250 0.130000 0.025000
0 0.418889 0.066250 0.128889 0.022500
0 0.669444 0.068750 0.121111 0.015000
0 0.918889 0.068750 0.095556 0.017500
0 0.168889 0.142500 0.115556 0.022500
0 0.418889 0.140000 0.120000 0.022500
0 0.668889 0.143750 0.126667 0.017500
0 0.918889 0.141250 0.120000 0.022500
0 0.169444 0.217500 0.134444 0.017500
0 0.419444 0.215625 0.114444 0.021250
0 0.668889 0.217500 0.124444 0.017500
0 0.919444 0.215000 0.116667 0.022500
0 0.168889 0.285625 0.113333 0.023750
0 0.419444 0.290625 0.141111 0.016250
0 0.669444 0.285000 0.118889 0.022500
0 0.919444 0.286875 0.125556 0.023750
0 0.169444 0.361875 0.101111 0.018750
0 0.419444 0.360625 0.125556 0.021250
0 0.668889 0.359375 0.111111 0.023750
0 0.919444 0.360625 0.141111 0.021250
0 0.168889 0.433750 0.120000 0.022500
0 0.418889 0.434375 0.164444 0.021250
0 0.669444 0.433750 0.098889 0.017500
0 0.919444 0.434375 0.121111 0.021250
0 0.168889 0.505000 0.093333 0.022500
0 0.418889 0.506250 0.120000 0.022500
0 0.668889 0.507500 0.144444 0.022500
0 0.919444 0.506250 0.098889 0.017500
0 0.168889 0.578125 0.133333 0.021250
0 0.418889 0.578125 0.115556 0.023750
0 0.669444 0.582500 0.127778 0.017500
0 0.919444 0.579375 0.130000 0.023750
0 0.168889 0.652500 0.120000 0.022500
0 0.418889 0.651875 0.120000 0.021250
0 0.668889 0.651250 0.120000 0.022500
0 0.918889 0.652500 0.111111 0.020000
0 0.168889 0.727500 0.113333 0.020000
0 0.419444 0.725625 0.125556 0.023750
0 0.668889 0.726250 0.115556 0.022500
0 0.918889 0.725625 0.086667 0.023750
0 0.169444 0.802500 0.121111 0.017500
0 0.418889 0.797500 0.120000 0.022500
0 0.669444 0.799375 0.125556 0.026250
0 0.919444 0.798125 0.130000 0.023750
0 0.168889 0.874375 0.115556 0.023750
0 0.419444 0.877500 0.141111 0.025000
0 0.668889 0.874375 0.120000 0.021250
0 0.918889 0.875625 0.113333 0.023750
0 0.168889 0.951250 0.144444 0.022500
0 0.419444 0.949375 0.138889 0.021250
0 0.669444 0.952500 0.107778 0.020000
0 0.918889 0.948750 0.133333 0.022500