0 0.169444 0.070000 0.116667 0.017500
0 0.419444 0.066875 0.130000 0.023750
0 0.668889 0.068750 0.093333 0.017500
0 0.918889 0.065000 0.137778 0.020000
0 0.168889 0.143750 0.120000 0.020000
0 0.418889 0.140000 0.111111 0.020000
0 0.668889 0.140625 0.144444 0.023750
0 0.919444 0.143750 0.118889 0.020000
0 0.169444 0.212500 0.118889 0.022500
0 0.418889 0.214375 0.111111 0.023750
0 0.669444 0.215000 0.096667 0.017500
0 0.919444 0.213750 0.143333 0.022500
0 0.168889 0.290625 0.111111 0.016250
0 0.418889 0.289375 0.111111 0.016250
0 0.669444 0.288125 0.130000 0.023750
0 0.919444 0.287500 0.138889 0.020000
0 0.169444 0.361875 0.130000 0.023750
0 0.418889 0.360625 0.146667 0.021250
0 0.668889 0.363125 0.115556 0.023750
0 0.919444 0.363750 0.103333 0.017500
0 0.169444 0.439375 0.134444 0.021250
0 0.418889 0.435000 0.144444 0.025000
0 0.669444 0.435000 0.143333 0.022500
0 0.919444 0.435000 0.092222 0.020000
0 0.169444 0.511875 0.121111 0.023750
0 0.419444 0.510625 0.125556 0.026250
0 0.668889 0.510625 0.164444 0.021250
0 0.918889 0.510000 0.128889 0.022500
0 0.168889 0.588125 0.113333 0.021250
0 0.418889 0.588750 0.113333 0.020000
0 0.668889 0.585625 0.120000 0.021250
0 0.918889 0.588750 0.124444 0.017500
0 0.169444 0.659375 0.114444 0.021250
0 0.419444 0.661250 0.121111 0.017500
0 0.668889 0.658125 0.144444 0.023750
0 0.919444 0.660000 0.130000 0.017500
0 0.168889 0.733125 0.115556 0.023750
0 0.419444 0.730000 0.118889 0.022500
0 0.669444 0.731875 0.123333 0.023750
0 0.918889 0.730625 0.133333 0.021250
0 0.169444 0.807500 0.107778 0.025000
0 0.419444 0.806250 0.103333 0.025000
0 0.668889 0.805625 0.115556 0.023750
0 0.918889 0.806250 0.097778 0.017500
0 0.168889 0.881875 0.115556 0.021250
0 0.419444 0.880625 0.107778 0.021250
0 0.669444 0.880000 0.130000 0.022500
0 0.918889 0.879375 0.133333 0.021250
0 0.168889 0.955000 0.104444 0.022500
0 0.419444 0.953125 0.116667 0.021250
0 0.668889 0.955625 0.126667 0.016250
0 0.919444 0.955000 0.125556 0.025000