0 0.169444 0.065625 0.130000 0.023750
0 0.418889 0.070000 0.126667 0.020000
0 0.668889 0.065000 0.120000 0.022500
0 0.918889 0.065625 0.133333 0.021250
0 0.169444 0.143750 0.143333 0.020000
0 0.419444 0.144375 0.132222 0.021250
0 0.669444 0.142500 0.101111 0.017500
0 0.918889 0.140000 0.128889 0.022500
0 0.169444 0.212500 0.130000 0.025000
0 0.419444 0.213125 0.112222 0.023750
0 0.668889 0.211875 0.120000 0.021250
0 0.919444 0.215000 0.112222 0.017500
0 0.169444 0.287500 0.092222 0.020000
0 0.418889 0.286250 0.120000 0.022500
0 0.669444 0.289375 0.110000 0.018750
0 0.918889 0.287500 0.120000 0.022500
0 0.169444 0.360000 0.152222 0.020000
0 0.419444 0.360625 0.107778 0.021250
0 0.668889 0.361250 0.117778 0.025000
0 0.919444 0.359375 0.130000 0.023750
0 0.168889 0.436875 0.100000 0.021250
0 0.419444 0.435625 0.130000 0.023750
0 0.668889 0.435000 0.120000 0.020000
0 0.918889 0.435625 0.124444 0.023750
0 0.169444 0.511250 0.110000 0.017500
0 0.418889 0.508750 0.120000 0.020000
0 0.668889 0.508125 0.113333 0.021250
0 0.919444 0.510625 0.107778 0.021250
0 0.169444 0.580625 0.158889 0.023750
0 0.419444 0.583125 0.105556 0.018750
0 0.668889 0.579375 0.137778 0.021250
0 0.919444 0.583750 0.107778 0.017500
0 0.169444 0.656250 0.118889 0.022500
0 0.419444 0.657500 0.125556 0.020000
0 0.669444 0.653125 0.101111 0.021250
0 0.919444 0.656875 0.114444 0.016250
0 0.168889 0.726250 0.120000 0.022500
0 0.419444 0.725625 0.125556 0.018750
0 0.668889 0.726875 0.128889 0.021250
0 0.919444 0.726250 0.143333 0.022500
0 0.169444 0.798750 0.092222 0.020000
0 0.419444 0.798750 0.130000 0.022500
0 0.669444 0.798750 0.143333 0.022500
0 0.919444 0.801875 0.125556 0.021250
0 0.168889 0.870625 0.120000 0.021250
0 0.418889 0.873125 0.131111 0.023750
0 0.669444 0.870625 0.130000 0.023750
0 0.918889 0.874375 0.115556 0.018750
0 0.168889 0.945625 0.144444 0.023750
0 0.418889 0.948125 0.126667 0.021250
0 0.668889 0.943750 0.144444 0.020000
0 0.919444 0.948125 0.118889 0.021250