0 0.168889 0.070000 0.128889 0.020000
0 0.418889 0.065625 0.120000 0.021250
0 0.669444 0.070625 0.123333 0.018750
0 0.919444 0.070000 0.134444 0.022500
0 0.169444 0.143125 0.116667 0.018750
0 0.418889 0.138750 0.093333 0.020000
0 0.669444 0.138750 0.143333 0.022500
0 0.918889 0.141250 0.088889 0.017500
0 0.169444 0.215625 0.132222 0.018750
0 0.419444 0.211250 0.143333 0.022500
0 0.669444 0.211250 0.114444 0.022500
0 0.919444 0.210000 0.118889 0.022500
0 0.168889 0.283750 0.117778 0.020000
0 0.418889 0.284375 0.144444 0.023750
0 0.668889 0.283125 0.140000 0.023750
0 0.919444 0.285625 0.116667 0.021250
0 0.168889 0.356250 0.120000 0.022500
0 0.419444 0.358125 0.130000 0.023750
0 0.669444 0.360625 0.127778 0.021250
0 0.918889 0.356875 0.120000 0.021250
0 0.168889 0.430625 0.113333 0.021250
0 0.419444 0.430625 0.092222 0.018750
0 0.669444 0.431250 0.143333 0.022500
0 0.918889 0.432500 0.113333 0.025000
0 0.169444 0.509375 0.110000 0.021250
0 0.419444 0.507500 0.130000 0.022500
0 0.668889 0.506875 0.108889 0.023750
0 0.919444 0.508750 0.123333 0.025000
0 0.168889 0.580000 0.120000 0.022500
0 0.418889 0.580625 0.157778 0.021250
0 0.669444 0.581250 0.130000 0.022500
0 0.918889 0.581875 0.144444 0.023750
0 0.169444 0.655625 0.107778 0.023750
0 0.418889 0.653750 0.133333 0.022500
0 0.668889 0.653750 0.133333 0.022500
0 0.918889 0.655625 0.144444 0.023750
0 0.169444 0.730625 0.114444 0.021250
0 0.419444 0.729375 0.134444 0.023750
0 0.668889 0.730000 0.097778 0.017500
0 0.918889 0.732500 0.126667 0.017500
0 0.168889 0.801875 0.146667 0.021250
0 0.418889 0.801250 0.120000 0.022500
0 0.668889 0.801875 0.120000 0.021250
0 0.918889 0.804375 0.111111 0.016250
0 0.168889 0.875000 0.120000 0.022500
0 0.419444 0.876250 0.116667 0.022500
0 0.668889 0.876875 0.095556 0.018750
0 0.919444 0.874375 0.138889 0.018750
0 0.169444 0.951250 0.121111 0.017500
0 0.419444 0.947500 0.101111 0.025000
0 0.669444 0.947500 0.130000 0.022500
0 0.918889 0.950625 0.133333 0.023750