0 0.168889 0.066875 0.164444 0.021250
0 0.419444 0.070000 0.121111 0.017500
0 0.668889 0.066250 0.097778 0.020000
0 0.919444 0.066250 0.130000 0.022500
0 0.168889 0.137500 0.133333 0.022500
0 0.419444 0.138750 0.130000 0.022500
0 0.669444 0.139375 0.141111 0.021250
0 0.919444 0.141875 0.127778 0.021250
0 0.168889 0.215000 0.126667 0.020000
0 0.419444 0.215625 0.125556 0.021250
0 0.669444 0.211250 0.130000 0.025000
0 0.918889 0.210625 0.133333 0.021250
0 0.169444 0.288750 0.110000 0.017500
0 0.419444 0.286250 0.118889 0.025000
0 0.669444 0.288750 0.118889 0.022500
0 0.919444 0.286875 0.101111 0.023750
0 0.168889 0.363750 0.120000 0.025000
0 0.418889 0.360000 0.106667 0.022500
0 0.669444 0.361250 0.130000 0.025000
0 0.918889 0.364375 0.117778 0.023750
0 0.168889 0.438750 0.120000 0.025000
0 0.419444 0.438125 0.130000 0.021250
0 0.669444 0.436250 0.130000 0.022500
0 0.918889 0.436250 0.157778 0.022500
0 0.169444 0.510625 0.101111 0.021250
0 0.418889 0.514375 0.106667 0.018750
0 0.669444 0.511250 0.143333 0.022500
0 0.918889 0.512500 0.097778 0.017500
0 0.169444 0.586875 0.110000 0.021250
0 0.419444 0.583750 0.143333 0.022500
0 0.669444 0.585625 0.074444 0.018750
0 0.919444 0.586250 0.085556 0.020000
0 0.168889 0.660625 0.140000 0.018750
0 0.419444 0.658125 0.101111 0.018750
0 0.669444 0.655625 0.158889 0.021250
0 0.919444 0.659375 0.136667 0.016250
0 0.169444 0.727500 0.087778 0.020000
0 0.419444 0.727500 0.092222 0.020000
0 0.669444 0.730625 0.121111 0.016250
0 0.919444 0.729375 0.105556 0.023750
0 0.168889 0.800625 0.097778 0.018750
0 0.419444 0.801875 0.116667 0.023750
0 0.669444 0.801250 0.130000 0.022500
0 0.918889 0.801250 0.131111 0.020000
0 0.169444 0.874375 0.125556 0.023750
0 0.419444 0.875625 0.158889 0.023750
0 0.669444 0.876875 0.130000 0.021250
0 0.919444 0.874375 0.125556 0.021250
0 0.168889 0.952500 0.108889 0.017500
0 0.418889 0.948750 0.120000 0.022500
0 0.668889 0.949375 0.102222 0.021250
0 0.919444 0.951875 0.125556 0.021250