0 0.169444 0.066875 0.130000 0.023750
0 0.418889 0.065000 0.106667 0.022500
0 0.668889 0.069375 0.128889 0.021250
0 0.918889 0.068750 0.102222 0.017500
0 0.168889 0.140000 0.111111 0.020000
0 0.418889 0.140625 0.144444 0.023750
0 0.669444 0.140000 0.130000 0.025000
0 0.918889 0.141250 0.102222 0.022500
0 0.169444 0.217500 0.107778 0.020000
0 0.418889 0.216875 0.131111 0.023750
0 0.668889 0.215000 0.131111 0.020000
0 0.918889 0.218125 0.117778 0.018750
0 0.168889 0.287500 0.120000 0.022500
0 0.419444 0.288125 0.101111 0.023750
0 0.669444 0.292500 0.116667 0.020000
0 0.919444 0.288750 0.130000 0.022500
0 0.168889 0.365000 0.111111 0.015000
0 0.419444 0.366875 0.143333 0.016250
0 0.669444 0.362500 0.092222 0.020000
0 0.918889 0.365625 0.126667 0.021250
0 0.168889 0.437500 0.128889 0.020000
0 0.419444 0.434375 0.121111 0.021250
0 0.668889 0.437500 0.120000 0.017500
0 0.919444 0.437500 0.125556 0.022500
0 0.169444 0.510000 0.143333 0.020000
0 0.419444 0.507500 0.118889 0.025000
0 0.669444 0.506875 0.114444 0.021250
0 0.919444 0.506875 0.130000 0.023750
0 0.168889 0.580625 0.144444 0.023750
0 0.418889 0.581875 0.102222 0.023750
0 0.668889 0.580000 0.106667 0.022500
0 0.919444 0.581875 0.130000 0.021250
0 0.168889 0.655000 0.157778 0.022500
0 0.419444 0.657500 0.125556 0.025000
0 0.669444 0.655625 0.143333 0.021250
0 0.918889 0.654375 0.100000 0.021250
0 0.168889 0.730000 0.128889 0.022500
0 0.418889 0.735000 0.137778 0.017500
0 0.668889 0.733750 0.120000 0.017500
0 0.918889 0.730000 0.128889 0.022500
0 0.168889 0.804375 0.100000 0.021250
0 0.418889 0.803125 0.157778 0.023750
0 0.669444 0.801875 0.125556 0.023750
0 0.919444 0.804375 0.121111 0.023750
0 0.169444 0.879375 0.123333 0.016250
0 0.418889 0.875000 0.106667 0.022500
0 0.669444 0.876250 0.130000 0.025000
0 0.919444 0.878750 0.112222 0.017500
0 0.168889 0.953125 0.115556 0.023750
0 0.418889 0.950625 0.120000 0.021250
0 0.668889 0.952500 0.113333 0.025000
0 0.918889 0.953125 0.113333 0.016250