0 0.168889 0.068125 0.113333 0.016250
0 0.419444 0.065625 0.130000 0.023750
0 0.668889 0.065000 0.133333 0.022500
0 0.918889 0.065625 0.133333 0.021250
0 0.169444 0.142500 0.112222 0.017500
0 0.419444 0.143125 0.118889 0.016250
0 0.668889 0.139375 0.120000 0.021250
0 0.919444 0.138750 0.132222 0.022500
0 0.168889 0.213125 0.111111 0.023750
0 0.419444 0.212500 0.130000 0.022500
0 0.669444 0.213750 0.118889 0.025000
0 0.919444 0.216250 0.125556 0.020000
0 0.169444 0.286875 0.125556 0.023750
0 0.419444 0.291875 0.134444 0.021250
0 0.669444 0.290000 0.118889 0.022500
0 0.919444 0.290000 0.105556 0.020000
0 0.169444 0.361875 0.130000 0.023750
0 0.419444 0.365000 0.127778 0.020000
0 0.668889 0.364375 0.131111 0.016250
0 0.919444 0.361875 0.101111 0.021250
0 0.168889 0.437500 0.106667 0.020000
0 0.419444 0.433750 0.118889 0.022500
0 0.668889 0.435625 0.102222 0.021250
0 0.919444 0.435625 0.130000 0.023750
0 0.169444 0.507500 0.105556 0.022500
0 0.418889 0.508125 0.113333 0.021250
0 0.668889 0.511250 0.111111 0.015000
0 0.919444 0.508750 0.130000 0.022500
0 0.168889 0.582500 0.115556 0.022500
0 0.419444 0.585000 0.143333 0.020000
0 0.669444 0.585000 0.090000 0.020000
0 0.919444 0.581875 0.130000 0.023750
0 0.168889 0.654375 0.120000 0.021250
0 0.418889 0.655625 0.093333 0.023750
0 0.668889 0.655000 0.157778 0.022500
0 0.918889 0.654375 0.120000 0.021250
0 0.168889 0.727500 0.106667 0.022500
0 0.419444 0.728750 0.143333 0.022500
0 0.668889 0.729375 0.144444 0.023750
0 0.919444 0.728750 0.130000 0.022500
0 0.169444 0.802500 0.123333 0.020000
0 0.419444 0.802500 0.143333 0.022500
0 0.668889 0.803125 0.093333 0.021250
0 0.918889 0.806250 0.108889 0.017500
0 0.169444 0.875625 0.130000 0.023750
0 0.419444 0.875625 0.130000 0.023750
0 0.669444 0.875625 0.123333 0.023750
0 0.919444 0.879375 0.132222 0.016250
0 0.169444 0.952500 0.121111 0.017500
0 0.418889 0.950000 0.140000 0.022500
0 0.669444 0.951250 0.114444 0.022500
0 0.918889 0.948125 0.106667 0.021250