0 0.168889 0.066250 0.128889 0.022500
0 0.418889 0.066250 0.120000 0.022500
0 0.669444 0.070000 0.121111 0.017500
0 0.919444 0.067500 0.116667 0.022500
0 0.168889 0.137500 0.106667 0.022500
0 0.418889 0.138750 0.144444 0.025000
0 0.668889 0.138125 0.120000 0.021250
0 0.919444 0.138125 0.125556 0.023750
0 0.168889 0.213125 0.113333 0.021250
0 0.418889 0.216250 0.108889 0.017500
0 0.668889 0.216250 0.148889 0.025000
0 0.919444 0.215625 0.114444 0.021250
0 0.168889 0.289375 0.115556 0.023750
0 0.418889 0.288125 0.120000 0.021250
0 0.669444 0.288750 0.143333 0.022500
0 0.918889 0.292500 0.126667 0.020000
0 0.169444 0.366875 0.141111 0.018750
0 0.419444 0.361875 0.125556 0.021250
0 0.668889 0.361875 0.137778 0.021250
0 0.918889 0.365000 0.108889 0.020000
0 0.169444 0.438125 0.132222 0.021250
0 0.419444 0.436875 0.107778 0.018750
0 0.669444 0.433750 0.143333 0.022500
0 0.919444 0.434375 0.130000 0.023750
0 0.168889 0.506875 0.120000 0.021250
0 0.418889 0.509375 0.104444 0.016250
0 0.669444 0.506875 0.130000 0.023750
0 0.919444 0.508125 0.130000 0.023750
0 0.168889 0.581250 0.115556 0.025000
0 0.419444 0.582500 0.130000 0.022500
0 0.669444 0.581250 0.130000 0.022500
0 0.918889 0.580000 0.120000 0.022500
0 0.169444 0.656875 0.116667 0.023750
0 0.418889 0.655000 0.120000 0.022500
0 0.668889 0.658750 0.117778 0.025000
0 0.919444 0.656875 0.143333 0.021250
0 0.169444 0.733750 0.118889 0.022500
0 0.418889 0.731250 0.115556 0.022500
0 0.668889 0.732500 0.124444 0.025000
0 0.919444 0.732500 0.116667 0.022500
0 0.169444 0.808125 0.114444 0.021250
0 0.418889 0.807500 0.091111 0.017500
0 0.669444 0.806875 0.130000 0.023750
0 0.918889 0.806875 0.111111 0.026250
0 0.169444 0.883125 0.130000 0.023750
0 0.419444 0.883125 0.130000 0.023750
0 0.668889 0.882500 0.097778 0.020000
0 0.919444 0.881875 0.130000 0.023750
0 0.169444 0.956250 0.143333 0.022500
0 0.418889 0.955625 0.100000 0.018750
0 0.669444 0.955000 0.118889 0.022500
0 0.919444 0.958750 0.123333 0.025000