0 0.169444 0.066250 0.143333 0.022500
0 0.419444 0.069375 0.130000 0.018750
0 0.669444 0.068750 0.107778 0.020000
0 0.918889 0.068750 0.128889 0.022500
0 0.169444 0.140625 0.114444 0.021250
0 0.419444 0.142500 0.101111 0.020000
0 0.669444 0.140000 0.107778 0.022500
0 0.918889 0.141250 0.128889 0.022500
0 0.168889 0.213750 0.148889 0.025000
0 0.419444 0.211875 0.130000 0.023750
0 0.669444 0.213125 0.123333 0.021250
0 0.919444 0.211875 0.130000 0.023750
0 0.168889 0.286250 0.120000 0.022500
0 0.418889 0.285625 0.133333 0.021250
0 0.669444 0.286250 0.143333 0.022500
0 0.918889 0.287500 0.115556 0.022500
0 0.168889 0.363750 0.122222 0.017500
0 0.418889 0.359375 0.115556 0.023750
0 0.669444 0.361875 0.105556 0.018750
0 0.918889 0.359375 0.144444 0.023750
0 0.168889 0.431875 0.133333 0.021250
0 0.419444 0.435000 0.123333 0.025000
0 0.669444 0.432500 0.085556 0.017500
0 0.919444 0.432500 0.138889 0.020000
0 0.169444 0.510000 0.118889 0.022500
0 0.419444 0.508750 0.116667 0.022500
0 0.669444 0.510000 0.123333 0.017500
0 0.919444 0.509375 0.116667 0.021250
0 0.168889 0.579375 0.113333 0.021250
0 0.418889 0.581250 0.113333 0.025000
0 0.668889 0.580625 0.102222 0.021250
0 0.919444 0.579375 0.158889 0.021250
0 0.169444 0.655000 0.143333 0.022500
0 0.418889 0.657500 0.128889 0.022500
0 0.669444 0.657500 0.098889 0.017500
0 0.918889 0.658125 0.120000 0.016250
0 0.169444 0.728125 0.101111 0.021250
0 0.418889 0.726250 0.106667 0.022500
0 0.669444 0.727500 0.130000 0.025000
0 0.918889 0.726250 0.120000 0.022500
0 0.169444 0.803125 0.125556 0.023750
0 0.419444 0.802500 0.092222 0.017500
0 0.668889 0.801250 0.106667 0.022500
0 0.919444 0.802500 0.123333 0.020000
0 0.169444 0.876875 0.130000 0.023750
0 0.418889 0.877500 0.100000 0.022500
0 0.669444 0.878125 0.110000 0.021250
0 0.918889 0.879375 0.117778 0.018750
0 0.169444 0.952500 0.090000 0.020000
0 0.418889 0.953750 0.126667 0.020000
0 0.669444 0.949375 0.130000 0.023750
0 0.919444 0.952500 0.107778 0.020000