0 0.168889 0.067500 0.113333 0.025000
0 0.418889 0.068125 0.113333 0.021250
0 0.668889 0.068125 0.086667 0.018750
0 0.919444 0.070000 0.107778 0.020000
0 0.169444 0.141875 0.130000 0.023750
0 0.419444 0.144375 0.127778 0.016250
0 0.669444 0.143750 0.103333 0.017500
0 0.919444 0.142500 0.125556 0.022500
0 0.168889 0.214375 0.120000 0.021250
0 0.419444 0.216875 0.101111 0.018750
0 0.668889 0.217500 0.128889 0.022500
0 0.919444 0.217500 0.123333 0.017500
0 0.169444 0.286250 0.092222 0.022500
0 0.418889 0.286875 0.100000 0.021250
0 0.669444 0.288750 0.118889 0.025000
0 0.919444 0.287500 0.125556 0.020000
0 0.168889 0.361875 0.140000 0.023750
0 0.418889 0.362500 0.128889 0.022500
0 0.669444 0.363125 0.090000 0.021250
0 0.918889 0.365625 0.104444 0.018750
0 0.168889 0.436250 0.131111 0.020000
0 0.419444 0.435000 0.101111 0.020000
0 0.669444 0.437500 0.130000 0.022500
0 0.919444 0.438750 0.105556 0.020000
0 0.168889 0.511875 0.126667 0.018750
0 0.418889 0.510000 0.084444 0.017500
0 0.668889 0.507500 0.146667 0.022500
0 0.918889 0.508125 0.146667 0.021250
0 0.169444 0.585000 0.107778 0.017500
0 0.418889 0.583125 0.111111 0.016250
0 0.669444 0.586250 0.132222 0.017500
0 0.918889 0.580625 0.133333 0.021250
0 0.168889 0.652500 0.115556 0.022500
0 0.418889 0.655000 0.113333 0.020000
0 0.668889 0.652500 0.115556 0.022500
0 0.918889 0.654375 0.131111 0.023750
0 0.168889 0.730000 0.135556 0.020000
0 0.419444 0.726250 0.125556 0.020000
0 0.668889 0.726250 0.115556 0.022500
0 0.918889 0.725625 0.106667 0.021250
0 0.168889 0.801250 0.120000 0.025000
0 0.418889 0.798750 0.111111 0.020000
0 0.669444 0.798125 0.130000 0.023750
0 0.918889 0.802500 0.120000 0.020000
0 0.169444 0.873750 0.112222 0.020000
0 0.418889 0.875000 0.144444 0.022500
0 0.668889 0.878125 0.151111 0.018750
0 0.919444 0.874375 0.141111 0.021250
0 0.169444 0.946250 0.130000 0.022500
0 0.419444 0.946875 0.112222 0.021250
0 0.669444 0.946250 0.143333 0.022500
0 0.918889 0.945000 0.124444 0.020000