0 0.169444 0.070625 0.132222 0.021250
0 0.418889 0.066250 0.120000 0.022500
0 0.668889 0.068125 0.088889 0.018750
0 0.919444 0.068750 0.098889 0.015000
0 0.168889 0.141875 0.120000 0.021250
0 0.418889 0.143750 0.137778 0.017500
0 0.668889 0.138125 0.140000 0.023750
0 0.919444 0.141250 0.118889 0.025000
0 0.168889 0.213125 0.113333 0.023750
0 0.419444 0.215625 0.123333 0.021250
0 0.668889 0.214375 0.128889 0.023750
0 0.918889 0.213750 0.133333 0.022500
0 0.169444 0.288125 0.125556 0.026250
0 0.419444 0.288125 0.134444 0.021250
0 0.668889 0.286875 0.120000 0.021250
0 0.919444 0.286875 0.138889 0.021250
0 0.169444 0.364375 0.130000 0.023750
0 0.418889 0.363125 0.093333 0.021250
0 0.668889 0.364375 0.102222 0.023750
0 0.919444 0.365625 0.114444 0.021250
0 0.168889 0.436875 0.120000 0.021250
0 0.418889 0.436875 0.124444 0.021250
0 0.669444 0.441875 0.114444 0.021250
0 0.918889 0.438750 0.097778 0.017500
0 0.168889 0.513750 0.140000 0.017500
0 0.418889 0.510625 0.100000 0.016250
0 0.669444 0.511250 0.121111 0.017500
0 0.919444 0.511875 0.105556 0.018750
0 0.168889 0.578750 0.124444 0.025000
0 0.418889 0.580000 0.142222 0.025000
0 0.669444 0.578125 0.114444 0.021250
0 0.919444 0.580625 0.105556 0.018750
0 0.168889 0.651250 0.133333 0.022500
0 0.418889 0.656250 0.126667 0.017500
0 0.668889 0.652500 0.097778 0.020000
0 0.919444 0.653750 0.116667 0.022500
0 0.169444 0.724375 0.130000 0.023750
0 0.419444 0.725625 0.158889 0.023750
0 0.669444 0.725625 0.130000 0.023750
0 0.919444 0.725625 0.107778 0.021250
0 0.168889 0.797500 0.133333 0.022500
0 0.418889 0.800625 0.097778 0.021250
0 0.668889 0.798750 0.131111 0.020000
0 0.919444 0.799375 0.130000 0.023750
0 0.168889 0.872500 0.120000 0.022500
0 0.419444 0.875000 0.125556 0.025000
0 0.669444 0.876875 0.138889 0.018750
0 0.918889 0.871875 0.146667 0.021250
0 0.169444 0.946875 0.130000 0.023750
0 0.418889 0.951250 0.133333 0.022500
0 0.668889 0.948125 0.115556 0.023750
0 0.918889 0.951250 0.117778 0.017500