0 0.168889 0.069375 0.128889 0.018750
0 0.419444 0.066250 0.130000 0.022500
0 0.668889 0.067500 0.128889 0.025000
0 0.919444 0.070000 0.112222 0.017500
0 0.169444 0.145000 0.125556 0.020000
0 0.419444 0.144375 0.090000 0.018750
0 0.669444 0.145000 0.125556 0.020000
0 0.919444 0.141875 0.121111 0.021250
0 0.168889 0.212500 0.120000 0.022500
0 0.418889 0.216875 0.124444 0.016250
0 0.669444 0.212500 0.143333 0.022500
0 0.918889 0.211250 0.120000 0.022500
0 0.169444 0.285000 0.130000 0.022500
0 0.418889 0.287500 0.106667 0.017500
0 0.669444 0.285625 0.112222 0.021250
0 0.919444 0.285000 0.130000 0.022500
0 0.169444 0.359375 0.123333 0.021250
0 0.419444 0.357500 0.130000 0.025000
0 0.669444 0.357500 0.143333 0.022500
0 0.919444 0.361250 0.121111 0.017500
0 0.168889 0.433125 0.113333 0.023750
0 0.418889 0.432500 0.111111 0.020000
0 0.668889 0.431875 0.120000 0.021250
0 0.919444 0.434375 0.114444 0.021250
0 0.168889 0.505000 0.106667 0.022500
0 0.418889 0.508125 0.115556 0.021250
0 0.668889 0.506250 0.128889 0.022500
0 0.918889 0.509375 0.100000 0.018750
0 0.169444 0.581250 0.118889 0.022500
0 0.418889 0.578750 0.157778 0.022500
0 0.669444 0.579375 0.150000 0.021250
0 0.918889 0.581875 0.106667 0.018750
0 0.168889 0.652500 0.102222 0.025000
0 0.418889 0.653125 0.100000 0.021250
0 0.668889 0.650000 0.146667 0.022500
0 0.919444 0.655000 0.121111 0.017500
0 0.169444 0.728750 0.121111 0.015000
0 0.418889 0.729375 0.113333 0.018750
0 0.669444 0.728125 0.136667 0.021250
0 0.918889 0.725625 0.120000 0.021250
0 0.169444 0.799375 0.105556 0.023750
0 0.419444 0.797500 0.130000 0.025000
0 0.668889 0.798125 0.115556 0.023750
0 0.918889 0.798125 0.115556 0.023750
0 0.169444 0.874375 0.114444 0.021250
0 0.419444 0.876250 0.134444 0.022500
0 0.669444 0.875000 0.123333 0.025000
0 0.918889 0.872500 0.106667 0.020000
0 0.169444 0.949375 0.136667 0.021250
0 0.419444 0.948125 0.118889 0.023750
0 0.668889 0.951250 0.108889 0.017500
0 0.918889 0.947500 0.131111 0.020000