0 0.169444 0.066250 0.130000 0.022500
0 0.419444 0.066250 0.130000 0.025000
0 0.669444 0.065000 0.118889 0.022500
0 0.919444 0.068750 0.123333 0.025000
0 0.169444 0.141875 0.130000 0.021250
0 0.419444 0.140625 0.130000 0.023750
0 0.668889 0.143750 0.133333 0.025000
0 0.919444 0.143125 0.121111 0.023750
0 0.169444 0.218750 0.123333 0.025000
0 0.418889 0.218750 0.088889 0.017500
0 0.669444 0.216875 0.107778 0.021250
0 0.919444 0.218125 0.101111 0.018750
0 0.168889 0.291250 0.120000 0.020000
0 0.418889 0.290000 0.120000 0.022500
0 0.669444 0.291875 0.114444 0.021250
0 0.919444 0.291875 0.158889 0.023750
0 0.169444 0.365625 0.123333 0.023750
0 0.419444 0.366250 0.112222 0.025000
0 0.668889 0.367500 0.120000 0.025000
0 0.918889 0.366250 0.104444 0.017500
0 0.168889 0.440625 0.113333 0.023750
0 0.419444 0.441875 0.105556 0.023750
0 0.669444 0.443750 0.132222 0.017500
0 0.918889 0.443125 0.126667 0.021250
0 0.169444 0.515000 0.130000 0.022500
0 0.418889 0.517500 0.120000 0.017500
0 0.668889 0.513125 0.157778 0.021250
0 0.919444 0.514375 0.130000 0.023750
0 0.169444 0.590625 0.132222 0.018750
0 0.418889 0.590000 0.122222 0.017500
0 0.668889 0.587500 0.128889 0.022500
0 0.919444 0.588750 0.116667 0.022500
0 0.169444 0.663750 0.118889 0.020000
0 0.418889 0.663750 0.108889 0.017500
0 0.668889 0.659375 0.113333 0.023750
0 0.919444 0.665000 0.136667 0.017500
0 0.168889 0.735000 0.104444 0.017500
0 0.419444 0.733750 0.150000 0.022500
0 0.669444 0.732500 0.118889 0.022500
0 0.919444 0.733125 0.147778 0.021250
0 0.169444 0.806875 0.112222 0.021250
0 0.419444 0.806875 0.130000 0.023750
0 0.668889 0.805625 0.111111 0.023750
0 0.919444 0.806875 0.130000 0.023750
0 0.169444 0.880000 0.130000 0.022500
0 0.419444 0.883125 0.085556 0.018750
0 0.669444 0.883125 0.116667 0.018750
0 0.918889 0.879375 0.120000 0.021250
0 0.169444 0.953125 0.130000 0.023750
0 0.418889 0.952500 0.128889 0.022500
0 0.668889 0.953125 0.144444 0.023750
0 0.919444 0.952500 0.138889 0.020000