0 0.169444 0.068750 0.110000 0.015000
0 0.419444 0.071250 0.150000 0.017500
0 0.668889 0.070000 0.126667 0.017500
0 0.918889 0.065625 0.120000 0.021250
0 0.169444 0.140000 0.107778 0.025000
0 0.419444 0.137500 0.141111 0.022500
0 0.669444 0.137500 0.130000 0.022500
0 0.919444 0.138125 0.130000 0.023750
0 0.168889 0.216250 0.115556 0.017500
0 0.418889 0.211875 0.120000 0.021250
0 0.668889 0.211250 0.133333 0.022500
0 0.918889 0.214375 0.113333 0.016250
0 0.168889 0.286875 0.113333 0.021250
0 0.419444 0.285625 0.130000 0.023750
0 0.668889 0.286250 0.144444 0.022500
0 0.919444 0.283750 0.123333 0.020000
0 0.168889 0.358750 0.131111 0.020000
0 0.419444 0.361875 0.127778 0.021250
0 0.668889 0.357500 0.146667 0.022500
0 0.919444 0.361250 0.123333 0.025000
0 0.168889 0.434375 0.126667 0.021250
0 0.419444 0.434375 0.130000 0.023750
0 0.668889 0.436875 0.113333 0.016250
0 0.919444 0.436250 0.098889 0.017500
0 0.169444 0.507500 0.130000 0.022500
0 0.419444 0.508750 0.116667 0.022500
0 0.669444 0.511875 0.134444 0.021250
0 0.919444 0.507500 0.143333 0.022500
0 0.168889 0.580625 0.115556 0.023750
0 0.419444 0.580000 0.143333 0.022500
0 0.669444 0.580625 0.121111 0.021250
0 0.918889 0.578750 0.133333 0.022500
0 0.168889 0.657500 0.108889 0.017500
0 0.419444 0.657500 0.138889 0.017500
0 0.668889 0.655000 0.097778 0.017500
0 0.918889 0.653750 0.115556 0.022500
0 0.168889 0.729375 0.124444 0.016250
0 0.419444 0.725625 0.118889 0.023750
0 0.669444 0.726250 0.143333 0.022500
0 0.918889 0.726875 0.144444 0.023750
0 0.168889 0.801250 0.104444 0.017500
0 0.419444 0.802500 0.118889 0.022500
0 0.669444 0.802500 0.121111 0.017500
0 0.918889 0.800625 0.144444 0.023750
0 0.168889 0.878750 0.151111 0.017500
0 0.419444 0.875625 0.121111 0.023750
0 0.669444 0.873125 0.125556 0.021250
0 0.918889 0.873750 0.120000 0.020000
0 0.169444 0.951875 0.125556 0.021250
0 0.419444 0.950000 0.110000 0.017500
0 0.668889 0.948125 0.144444 0.023750
0 0.919444 0.950625 0.143333 0.021250