0 0.168889 0.068125 0.131111 0.023750
0 0.419444 0.070000 0.134444 0.017500
0 0.669444 0.069375 0.112222 0.018750
0 0.918889 0.071250 0.122222 0.017500
0 0.169444 0.140000 0.125556 0.020000
0 0.418889 0.143125 0.113333 0.018750
0 0.669444 0.143125 0.116667 0.021250
0 0.918889 0.139375 0.120000 0.021250
0 0.168889 0.214375 0.100000 0.018750
0 0.419444 0.211250 0.130000 0.022500
0 0.668889 0.211875 0.111111 0.023750
0 0.918889 0.210625 0.133333 0.021250
0 0.168889 0.288750 0.120000 0.020000
0 0.419444 0.283750 0.105556 0.022500
0 0.669444 0.284375 0.130000 0.023750
0 0.918889 0.285000 0.120000 0.022500
0 0.169444 0.361250 0.123333 0.025000
0 0.419444 0.358750 0.141111 0.022500
0 0.668889 0.360000 0.115556 0.025000
0 0.919444 0.360000 0.103333 0.025000
0 0.169444 0.434375 0.107778 0.021250
0 0.419444 0.435625 0.114444 0.021250
0 0.669444 0.436250 0.123333 0.025000
0 0.919444 0.436875 0.123333 0.016250
0 0.169444 0.511875 0.114444 0.018750
0 0.418889 0.510000 0.104444 0.017500
0 0.669444 0.512500 0.110000 0.020000
0 0.919444 0.511875 0.118889 0.021250
0 0.169444 0.580000 0.092222 0.020000
0 0.418889 0.579375 0.146667 0.021250
0 0.668889 0.579375 0.120000 0.021250
0 0.919444 0.580625 0.150000 0.021250
0 0.169444 0.655625 0.125556 0.021250
0 0.419444 0.651875 0.143333 0.023750
0 0.668889 0.650625 0.120000 0.021250
0 0.918889 0.654375 0.104444 0.018750
0 0.168889 0.725000 0.111111 0.020000
0 0.419444 0.729375 0.134444 0.021250
0 0.669444 0.728125 0.118889 0.021250
0 0.918889 0.725625 0.113333 0.023750
0 0.168889 0.797500 0.120000 0.022500
0 0.419444 0.800000 0.138889 0.025000
0 0.668889 0.798125 0.115556 0.023750
0 0.919444 0.801250 0.118889 0.025000
0 0.168889 0.873125 0.133333 0.021250
0 0.418889 0.874375 0.144444 0.023750
0 0.669444 0.875625 0.101111 0.018750
0 0.919444 0.873750 0.143333 0.022500
0 0.169444 0.948125 0.130000 0.023750
0 0.418889 0.951250 0.126667 0.017500
0 0.669444 0.948125 0.116667 0.023750
0 0.918889 0.947500 0.111111 0.020000