0 0.169444 0.068125 0.107778 0.023750
0 0.419444 0.066250 0.130000 0.022500
0 0.669444 0.067500 0.114444 0.025000
0 0.918889 0.066250 0.157778 0.022500
0 0.169444 0.143750 0.121111 0.017500
0 0.419444 0.141250 0.150000 0.022500
0 0.668889 0.141250 0.157778 0.022500
0 0.918889 0.145625 0.151111 0.018750
0 0.169444 0.214375 0.125556 0.026250
0 0.419444 0.214375 0.125556 0.026250
0 0.668889 0.216875 0.113333 0.018750
0 0.919444 0.217500 0.145556 0.020000
0 0.169444 0.290625 0.130000 0.023750
0 0.419444 0.289375 0.158889 0.021250
0 0.669444 0.291250 0.130000 0.022500
0 0.918889 0.293125 0.113333 0.018750
0 0.169444 0.366875 0.127778 0.021250
0 0.418889 0.366875 0.108889 0.016250
0 0.668889 0.363125 0.133333 0.021250
0 0.918889 0.367500 0.106667 0.022500
0 0.169444 0.435625 0.125556 0.023750
0 0.418889 0.438125 0.111111 0.016250
0 0.668889 0.439375 0.111111 0.016250
0 0.919444 0.436250 0.123333 0.020000
0 0.168889 0.512500 0.124444 0.025000
0 0.419444 0.512500 0.105556 0.017500
0 0.668889 0.510000 0.115556 0.022500
0 0.919444 0.512500 0.123333 0.017500
0 0.169444 0.589375 0.107778 0.018750
0 0.418889 0.585000 0.157778 0.022500
0 0.668889 0.585000 0.115556 0.022500
0 0.919444 0.586875 0.130000 0.021250
0 0.169444 0.656875 0.125556 0.023750
0 0.418889 0.656250 0.133333 0.022500
0 0.669444 0.656875 0.132222 0.021250
0 0.919444 0.661250 0.121111 0.017500
0 0.169444 0.731875 0.130000 0.023750
0 0.418889 0.731250 0.120000 0.022500
0 0.669444 0.731875 0.130000 0.023750
0 0.919444 0.733750 0.121111 0.017500
0 0.169444 0.805625 0.125556 0.023750
0 0.419444 0.808750 0.125556 0.022500
0 0.669444 0.804375 0.138889 0.021250
0 0.918889 0.804375 0.120000 0.021250
0 0.169444 0.878750 0.143333 0.022500
0 0.418889 0.878125 0.111111 0.023750
0 0.669444 0.881250 0.125556 0.025000
0 0.918889 0.881875 0.120000 0.021250
0 0.168889 0.957500 0.106667 0.022500
0 0.419444 0.953750 0.143333 0.022500
0 0.668889 0.956250 0.133333 0.025000
0 0.918889 0.953125 0.157778 0.021250