0 0.168889 0.070625 0.133333 0.021250
0 0.418889 0.065000 0.120000 0.022500
0 0.669444 0.066875 0.130000 0.023750
0 0.918889 0.067500 0.115556 0.022500
0 0.168889 0.140625 0.144444 0.023750
0 0.419444 0.140000 0.130000 0.022500
0 0.668889 0.139375 0.133333 0.021250
0 0.919444 0.140000 0.130000 0.022500
0 0.169444 0.213125 0.098889 0.023750
0 0.419444 0.213750 0.125556 0.020000
0 0.669444 0.213750 0.130000 0.025000
0 0.918889 0.214375 0.111111 0.026250
0 0.168889 0.289375 0.144444 0.021250
0 0.418889 0.288750 0.146667 0.022500
0 0.668889 0.291250 0.097778 0.017500
0 0.918889 0.293750 0.115556 0.020000
0 0.169444 0.362500 0.130000 0.025000
0 0.419444 0.363125 0.130000 0.023750
0 0.668889 0.362500 0.157778 0.022500
0 0.919444 0.362500 0.118889 0.025000
0 0.169444 0.438125 0.130000 0.023750
0 0.418889 0.438125 0.144444 0.023750
0 0.668889 0.437500 0.106667 0.022500
0 0.918889 0.437500 0.120000 0.022500
0 0.169444 0.512500 0.116667 0.022500
0 0.418889 0.512500 0.097778 0.017500
0 0.669444 0.511875 0.141111 0.021250
0 0.918889 0.514375 0.120000 0.021250
0 0.169444 0.583750 0.130000 0.025000
0 0.419444 0.585625 0.121111 0.023750
0 0.669444 0.583125 0.125556 0.018750
0 0.919444 0.583750 0.130000 0.022500
0 0.169444 0.657500 0.118889 0.022500
0 0.418889 0.661875 0.104444 0.018750
0 0.668889 0.660625 0.113333 0.016250
0 0.918889 0.658125 0.133333 0.021250
0 0.169444 0.731875 0.130000 0.023750
0 0.418889 0.733750 0.120000 0.017500
0 0.668889 0.733750 0.117778 0.025000
0 0.918889 0.733750 0.117778 0.017500
0 0.168889 0.810625 0.108889 0.016250
0 0.418889 0.809375 0.100000 0.018750
0 0.669444 0.806250 0.130000 0.022500
0 0.918889 0.805625 0.133333 0.021250
0 0.169444 0.880000 0.096667 0.017500
0 0.419444 0.878750 0.118889 0.025000
0 0.669444 0.879375 0.112222 0.021250
0 0.919444 0.878750 0.150000 0.022500
0 0.168889 0.953125 0.111111 0.023750
0 0.419444 0.955000 0.101111 0.022500
0 0.668889 0.954375 0.115556 0.023750
0 0.918889 0.955625 0.146667 0.023750