0 0.168889 0.069375 0.126667 0.021250
0 0.419444 0.066875 0.125556 0.026250
0 0.669444 0.066250 0.130000 0.025000
0 0.919444 0.070000 0.101111 0.020000
0 0.168889 0.144375 0.111111 0.016250
0 0.418889 0.146250 0.151111 0.022500
0 0.669444 0.145000 0.118889 0.022500
0 0.919444 0.144375 0.114444 0.021250
0 0.168889 0.215000 0.080000 0.017500
0 0.419444 0.215625 0.125556 0.026250
0 0.669444 0.215625 0.098889 0.021250
0 0.919444 0.214375 0.125556 0.021250
0 0.168889 0.290000 0.106667 0.022500
0 0.419444 0.291875 0.130000 0.021250
0 0.668889 0.291250 0.157778 0.022500
0 0.919444 0.290000 0.118889 0.022500
0 0.168889 0.366250 0.122222 0.017500
0 0.419444 0.366875 0.092222 0.018750
0 0.668889 0.364375 0.113333 0.023750
0 0.918889 0.363125 0.133333 0.021250
0 0.168889 0.436875 0.133333 0.021250
0 0.419444 0.440000 0.118889 0.022500
0 0.668889 0.436875 0.111111 0.023750
0 0.918889 0.441875 0.137778 0.018750
0 0.168889 0.510625 0.133333 0.021250
0 0.418889 0.511250 0.120000 0.022500
0 0.669444 0.511250 0.130000 0.022500
0 0.918889 0.511875 0.144444 0.023750
0 0.169444 0.588125 0.125556 0.021250
0 0.419444 0.585000 0.130000 0.022500
0 0.669444 0.588125 0.121111 0.016250
0 0.918889 0.588750 0.126667 0.020000
0 0.169444 0.657500 0.143333 0.022500
0 0.418889 0.656875 0.131111 0.018750
0 0.669444 0.658750 0.130000 0.022500
0 0.918889 0.661250 0.126667 0.020000
0 0.168889 0.732500 0.104444 0.017500
0 0.419444 0.730625 0.121111 0.021250
0 0.669444 0.730000 0.130000 0.022500
0 0.919444 0.731875 0.121111 0.016250
0 0.168889 0.801250 0.120000 0.022500
0 0.418889 0.806875 0.133333 0.018750
0 0.668889 0.801250 0.133333 0.022500
0 0.919444 0.801875 0.118889 0.023750
0 0.169444 0.876250 0.130000 0.022500
0 0.418889 0.880000 0.117778 0.017500
0 0.669444 0.879375 0.101111 0.021250
0 0.918889 0.876875 0.113333 0.023750
0 0.169444 0.951875 0.114444 0.021250
0 0.418889 0.950000 0.128889 0.022500
0 0.669444 0.951875 0.105556 0.021250
0 0.919444 0.950625 0.130000 0.023750