0 0.169444 0.066875 0.130000 0.023750
0 0.419444 0.066875 0.114444 0.021250
0 0.669444 0.068750 0.118889 0.022500
0 0.918889 0.065625 0.120000 0.021250
0 0.168889 0.139375 0.133333 0.021250
0 0.418889 0.140625 0.144444 0.023750
0 0.668889 0.141250 0.104444 0.017500
0 0.919444 0.138750 0.118889 0.022500
0 0.168889 0.217500 0.128889 0.017500
0 0.419444 0.214375 0.158889 0.023750
0 0.669444 0.216250 0.114444 0.017500
0 0.919444 0.213750 0.130000 0.022500
0 0.168889 0.287500 0.120000 0.022500
0 0.419444 0.288750 0.112222 0.025000
0 0.668889 0.287500 0.120000 0.020000
0 0.918889 0.288125 0.144444 0.023750
0 0.169444 0.363125 0.130000 0.023750
0 0.419444 0.363750 0.130000 0.025000
0 0.669444 0.364375 0.110000 0.018750
0 0.919444 0.363125 0.130000 0.023750
0 0.169444 0.440000 0.107778 0.025000
0 0.418889 0.441250 0.126667 0.020000
0 0.669444 0.440000 0.116667 0.017500
0 0.919444 0.439375 0.114444 0.021250
0 0.169444 0.516875 0.134444 0.021250
0 0.418889 0.511875 0.140000 0.023750
0 0.668889 0.513125 0.093333 0.021250
0 0.919444 0.514375 0.101111 0.018750
0 0.168889 0.586875 0.144444 0.023750
0 0.418889 0.585625 0.133333 0.021250
0 0.669444 0.588750 0.121111 0.017500
0 0.919444 0.589375 0.076667 0.018750
0 0.168889 0.659375 0.144444 0.023750
0 0.419444 0.662500 0.107778 0.025000
0 0.669444 0.661250 0.130000 0.022500
0 0.919444 0.660625 0.158889 0.023750
0 0.169444 0.735000 0.150000 0.022500
0 0.419444 0.734375 0.125556 0.021250
0 0.668889 0.735625 0.144444 0.023750
0 0.919444 0.735000 0.143333 0.022500
0 0.169444 0.810625 0.123333 0.021250
0 0.419444 0.807500 0.132222 0.022500
0 0.669444 0.808750 0.092222 0.020000
0 0.919444 0.809375 0.125556 0.026250
0 0.168889 0.885000 0.120000 0.022500
0 0.418889 0.883750 0.093333 0.022500
0 0.669444 0.885000 0.130000 0.022500
0 0.918889 0.888125 0.148889 0.023750
0 0.169444 0.961875 0.145556 0.021250
0 0.418889 0.958750 0.080000 0.020000
0 0.669444 0.961250 0.136667 0.025000
0 0.919444 0.961875 0.121111 0.016250