0 0.168889 0.069375 0.126667 0.021250
0 0.419444 0.068750 0.121111 0.017500
0 0.669444 0.066875 0.158889 0.023750
0 0.919444 0.065625 0.087778 0.018750
0 0.169444 0.140000 0.114444 0.022500
0 0.419444 0.141875 0.114444 0.021250
0 0.668889 0.140000 0.131111 0.020000
0 0.918889 0.143125 0.128889 0.016250
0 0.168889 0.211250 0.137778 0.020000
0 0.418889 0.211250 0.144444 0.020000
0 0.669444 0.215625 0.114444 0.021250
0 0.919444 0.212500 0.138889 0.020000
0 0.168889 0.283750 0.144444 0.025000
0 0.419444 0.285625 0.114444 0.021250
0 0.669444 0.283750 0.130000 0.022500
0 0.918889 0.283750 0.115556 0.025000
0 0.168889 0.359375 0.126667 0.021250
0 0.419444 0.362500 0.132222 0.022500
0 0.669444 0.361250 0.114444 0.022500
0 0.919444 0.358125 0.125556 0.023750
0 0.168889 0.435000 0.126667 0.017500
0 0.419444 0.433750 0.130000 0.022500
0 0.669444 0.435625 0.121111 0.018750
0 0.918889 0.433750 0.077778 0.017500
0 0.169444 0.505625 0.143333 0.023750
0 0.418889 0.508750 0.126667 0.020000
0 0.669444 0.505625 0.143333 0.021250
0 0.918889 0.506875 0.146667 0.023750
0 0.168889 0.578125 0.133333 0.021250
0 0.419444 0.578125 0.141111 0.021250
0 0.669444 0.579375 0.098889 0.021250
0 0.919444 0.578125 0.125556 0.023750
0 0.169444 0.654375 0.105556 0.023750
0 0.419444 0.652500 0.130000 0.025000
0 0.669444 0.652500 0.123333 0.020000
0 0.919444 0.657500 0.107778 0.017500
0 0.168889 0.726250 0.120000 0.022500
0 0.418889 0.727500 0.120000 0.022500
0 0.668889 0.728750 0.117778 0.025000
0 0.918889 0.730625 0.106667 0.018750
0 0.169444 0.802500 0.130000 0.022500
0 0.418889 0.805000 0.148889 0.025000
0 0.668889 0.804375 0.113333 0.016250
0 0.919444 0.803125 0.143333 0.021250
0 0.168889 0.880625 0.117778 0.023750
0 0.418889 0.878125 0.102222 0.021250
0 0.668889 0.876250 0.106667 0.022500
0 0.919444 0.876250 0.105556 0.022500
0 0.169444 0.955000 0.107778 0.017500
0 0.419444 0.950625 0.130000 0.023750
0 0.669444 0.951875 0.130000 0.023750
0 0.918889 0.950625 0.144444 0.023750