0 0.169444 0.067500 0.125556 0.022500
0 0.419444 0.066875 0.143333 0.021250
0 0.669444 0.066250 0.118889 0.025000
0 0.919444 0.069375 0.130000 0.018750
0 0.169444 0.141250 0.130000 0.022500
0 0.418889 0.140625 0.146667 0.021250
0 0.668889 0.144375 0.122222 0.016250
0 0.918889 0.140625 0.120000 0.021250
0 0.169444 0.215625 0.121111 0.023750
0 0.418889 0.216875 0.120000 0.018750
0 0.668889 0.213750 0.133333 0.022500
0 0.918889 0.216250 0.111111 0.017500
0 0.169444 0.286250 0.105556 0.022500
0 0.418889 0.287500 0.120000 0.020000
0 0.668889 0.291875 0.131111 0.018750
0 0.918889 0.291875 0.133333 0.021250
0 0.168889 0.358750 0.120000 0.022500
0 0.419444 0.361250 0.096667 0.017500
0 0.668889 0.362500 0.128889 0.022500
0 0.918889 0.361875 0.131111 0.023750
0 0.168889 0.433750 0.128889 0.022500
0 0.419444 0.437500 0.130000 0.017500
0 0.668889 0.433750 0.128889 0.022500
0 0.919444 0.433750 0.150000 0.022500
0 0.169444 0.506875 0.090000 0.021250
0 0.419444 0.505625 0.092222 0.018750
0 0.668889 0.508125 0.115556 0.023750
0 0.918889 0.510625 0.133333 0.018750
0 0.169444 0.580625 0.130000 0.023750
0 0.419444 0.580000 0.125556 0.020000
0 0.669444 0.581250 0.158889 0.022500
0 0.918889 0.582500 0.102222 0.025000
0 0.169444 0.655000 0.130000 0.022500
0 0.418889 0.653750 0.120000 0.022500
0 0.669444 0.656875 0.112222 0.021250
0 0.919444 0.657500 0.118889 0.022500
0 0.168889 0.726875 0.120000 0.021250
0 0.418889 0.726875 0.137778 0.021250
0 0.668889 0.726875 0.093333 0.021250
0 0.919444 0.728750 0.116667 0.022500
0 0.169444 0.800625 0.114444 0.021250
0 0.418889 0.798750 0.133333 0.022500
0 0.669444 0.801250 0.114444 0.025000
0 0.918889 0.799375 0.137778 0.021250
0 0.168889 0.875000 0.135556 0.022500
0 0.418889 0.875625 0.128889 0.023750
0 0.668889 0.875000 0.128889 0.022500
0 0.919444 0.875625 0.150000 0.021250
0 0.169444 0.949375 0.130000 0.023750
0 0.419444 0.950625 0.121111 0.023750
0 0.668889 0.953125 0.151111 0.021250
0 0.919444 0.947500 0.105556 0.022500