0 0.168889 0.065625 0.137778 0.021250
0 0.419444 0.065000 0.118889 0.022500
0 0.668889 0.069375 0.128889 0.018750
0 0.919444 0.065625 0.158889 0.021250
0 0.169444 0.139375 0.158889 0.023750
0 0.418889 0.138125 0.113333 0.021250
0 0.669444 0.138750 0.143333 0.022500
0 0.919444 0.143750 0.121111 0.017500
0 0.169444 0.216250 0.125556 0.020000
0 0.419444 0.215000 0.103333 0.017500
0 0.668889 0.212500 0.093333 0.020000
0 0.919444 0.213125 0.130000 0.023750
0 0.169444 0.286250 0.150000 0.022500
0 0.419444 0.288750 0.121111 0.017500
0 0.669444 0.286250 0.130000 0.022500
0 0.919444 0.286875 0.130000 0.023750
0 0.168889 0.359375 0.120000 0.021250
0 0.418889 0.359375 0.120000 0.021250
0 0.668889 0.362500 0.113333 0.017500
0 0.918889 0.359375 0.133333 0.021250
0 0.169444 0.433125 0.110000 0.018750
0 0.419444 0.434375 0.121111 0.016250
0 0.669444 0.433750 0.107778 0.020000
0 0.918889 0.431250 0.120000 0.020000
0 0.168889 0.503125 0.111111 0.016250
0 0.418889 0.504375 0.126667 0.016250
0 0.668889 0.500000 0.106667 0.022500
0 0.919444 0.500625 0.130000 0.023750
0 0.169444 0.575000 0.130000 0.022500
0 0.418889 0.574375 0.106667 0.021250
0 0.669444 0.576875 0.110000 0.018750
0 0.919444 0.574375 0.136667 0.021250
0 0.169444 0.648125 0.130000 0.023750
0 0.418889 0.650625 0.128889 0.018750
0 0.669444 0.647500 0.143333 0.022500
0 0.919444 0.650625 0.127778 0.016250
0 0.169444 0.725625 0.138889 0.018750
0 0.418889 0.723750 0.104444 0.020000
0 0.668889 0.720625 0.140000 0.023750
0 0.918889 0.720000 0.120000 0.022500
0 0.168889 0.795000 0.157778 0.022500
0 0.419444 0.794375 0.125556 0.018750
0 0.669444 0.796875 0.110000 0.018750
0 0.918889 0.796250 0.117778 0.025000
0 0.168889 0.869375 0.146667 0.021250
0 0.419444 0.869375 0.130000 0.023750
0 0.668889 0.869375 0.146667 0.021250
0 0.918889 0.869375 0.124444 0.021250
0 0.169444 0.943750 0.130000 0.022500
0 0.418889 0.943125 0.131111 0.018750
0 0.669444 0.943750 0.141111 0.022500
0 0.919444 0.948125 0.132222 0.021250