0 0.168889 0.070000 0.140000 0.020000
0 0.418889 0.068125 0.115556 0.023750
0 0.669444 0.068125 0.121111 0.023750
0 0.918889 0.066250 0.115556 0.022500
0 0.168889 0.142500 0.142222 0.025000
0 0.418889 0.139375 0.146667 0.021250
0 0.669444 0.141250 0.118889 0.025000
0 0.919444 0.142500 0.123333 0.025000
0 0.168889 0.213750 0.133333 0.022500
0 0.418889 0.215000 0.086667 0.020000
0 0.668889 0.214375 0.097778 0.018750
0 0.918889 0.215625 0.144444 0.023750
0 0.168889 0.290000 0.117778 0.025000
0 0.419444 0.288750 0.092222 0.020000
0 0.668889 0.287500 0.106667 0.022500
0 0.919444 0.291875 0.090000 0.021250
0 0.169444 0.364375 0.143333 0.021250
0 0.418889 0.365625 0.097778 0.021250
0 0.668889 0.363750 0.097778 0.020000
0 0.919444 0.366875 0.127778 0.021250
0 0.168889 0.436875 0.115556 0.023750
0 0.419444 0.435000 0.143333 0.022500
0 0.669444 0.435625 0.125556 0.023750
0 0.918889 0.436250 0.144444 0.022500
0 0.168889 0.511250 0.131111 0.025000
0 0.418889 0.510000 0.113333 0.025000
0 0.668889 0.510625 0.100000 0.016250
0 0.918889 0.508750 0.120000 0.022500
0 0.169444 0.584375 0.130000 0.023750
0 0.419444 0.584375 0.130000 0.023750
0 0.669444 0.583125 0.101111 0.021250
0 0.919444 0.588125 0.121111 0.016250
0 0.168889 0.661875 0.144444 0.018750
0 0.418889 0.658125 0.102222 0.021250
0 0.669444 0.659375 0.121111 0.023750
0 0.919444 0.658125 0.130000 0.023750
0 0.169444 0.733750 0.114444 0.022500
0 0.419444 0.733125 0.121111 0.023750
0 0.668889 0.731875 0.111111 0.026250
0 0.918889 0.731250 0.120000 0.022500
0 0.168889 0.808750 0.128889 0.025000
0 0.419444 0.811250 0.127778 0.020000
0 0.668889 0.808125 0.144444 0.023750
0 0.919444 0.806875 0.118889 0.023750
0 0.168889 0.881875 0.146667 0.021250
0 0.419444 0.883125 0.112222 0.023750
0 0.669444 0.883125 0.150000 0.021250
0 0.918889 0.883750 0.140000 0.025000
0 0.168889 0.958125 0.115556 0.023750
0 0.418889 0.961250 0.128889 0.020000
0 0.669444 0.960625 0.127778 0.018750
0 0.918889 0.956875 0.133333 0.021250