0 0.125000 0.066875 0.107778 0.023750
0 0.375000 0.067500 0.101111 0.020000
0 0.625000 0.070000 0.101111 0.020000
0 0.874444 0.068125 0.113333 0.016250
0 0.125000 0.143125 0.121111 0.016250
0 0.374444 0.143125 0.128889 0.021250
0 0.624444 0.143750 0.128889 0.020000
0 0.874444 0.139375 0.133333 0.021250
0 0.124444 0.211250 0.115556 0.022500
0 0.374444 0.213125 0.131111 0.023750
0 0.625000 0.213750 0.121111 0.017500
0 0.874444 0.213125 0.100000 0.016250
0 0.125000 0.285000 0.143333 0.022500
0 0.375000 0.285625 0.130000 0.023750
0 0.625000 0.286250 0.158889 0.022500
0 0.874444 0.285625 0.144444 0.023750
0 0.124444 0.360000 0.144444 0.022500
0 0.375000 0.361875 0.125556 0.018750
0 0.624444 0.358125 0.133333 0.021250
0 0.874444 0.358125 0.115556 0.023750
0 0.124444 0.434375 0.113333 0.016250
0 0.375000 0.436875 0.125556 0.021250
0 0.624444 0.433125 0.144444 0.023750
0 0.874444 0.434375 0.088889 0.018750
0 0.124444 0.510000 0.124444 0.017500
0 0.374444 0.505000 0.133333 0.022500
0 0.625000 0.506875 0.130000 0.023750
0 0.875000 0.506875 0.112222 0.021250
0 0.125000 0.580625 0.098889 0.021250
0 0.374444 0.581250 0.091111 0.017500
0 0.624444 0.580000 0.097778 0.020000
0 0.875000 0.582500 0.107778 0.025000
0 0.124444 0.655000 0.128889 0.022500
0 0.375000 0.655000 0.130000 0.022500
0 0.625000 0.655000 0.085556 0.020000
0 0.874444 0.658750 0.137778 0.017500
0 0.125000 0.728125 0.130000 0.023750
0 0.375000 0.726250 0.132222 0.020000
0 0.624444 0.729375 0.111111 0.016250
0 0.875000 0.730000 0.103333 0.017500
0 0.125000 0.803125 0.123333 0.021250
0 0.374444 0.801250 0.157778 0.022500
0 0.625000 0.803125 0.101111 0.021250
0 0.874444 0.801250 0.120000 0.022500
0 0.125000 0.876250 0.123333 0.025000
0 0.375000 0.875000 0.130000 0.022500
0 0.625000 0.876250 0.114444 0.020000
0 0.874444 0.873125 0.106667 0.021250
0 0.125000 0.948750 0.143333 0.022500
0 0.374444 0.949375 0.144444 0.023750
0 0.624444 0.950000 0.104444 0.017500
0 0.875000 0.949375 0.114444 0.021250