0 0.168889 0.068125 0.146667 0.023750
0 0.418889 0.065625 0.120000 0.021250
0 0.668889 0.065625 0.146667 0.021250
0 0.919444 0.067500 0.158889 0.022500
0 0.168889 0.139375 0.133333 0.021250
0 0.419444 0.139375 0.125556 0.023750
0 0.668889 0.142500 0.102222 0.015000
0 0.919444 0.140625 0.112222 0.021250
0 0.168889 0.213750 0.120000 0.022500
0 0.418889 0.215625 0.111111 0.016250
0 0.669444 0.216250 0.110000 0.017500
0 0.919444 0.212500 0.123333 0.020000
0 0.169444 0.286250 0.130000 0.025000
0 0.419444 0.286250 0.138889 0.020000
0 0.669444 0.289375 0.123333 0.016250
0 0.919444 0.288750 0.103333 0.017500
0 0.168889 0.360000 0.120000 0.022500
0 0.418889 0.363750 0.095556 0.017500
0 0.669444 0.364375 0.127778 0.021250
0 0.919444 0.365000 0.132222 0.017500
0 0.168889 0.433125 0.133333 0.021250
0 0.419444 0.434375 0.130000 0.023750
0 0.668889 0.436250 0.124444 0.017500
0 0.918889 0.433750 0.157778 0.022500
0 0.169444 0.507500 0.143333 0.022500
0 0.419444 0.509375 0.110000 0.021250
0 0.669444 0.509375 0.114444 0.021250
0 0.918889 0.511875 0.151111 0.021250
0 0.168889 0.580000 0.120000 0.022500
0 0.419444 0.581250 0.130000 0.025000
0 0.669444 0.582500 0.118889 0.022500
0 0.919444 0.580000 0.130000 0.022500
0 0.168889 0.655000 0.120000 0.022500
0 0.419444 0.655000 0.143333 0.022500
0 0.669444 0.656875 0.121111 0.023750
0 0.918889 0.655000 0.131111 0.020000
0 0.168889 0.729375 0.097778 0.023750
0 0.419444 0.728125 0.130000 0.023750
0 0.668889 0.727500 0.106667 0.022500
0 0.919444 0.730000 0.118889 0.025000
0 0.169444 0.806250 0.121111 0.017500
0 0.419444 0.808125 0.125556 0.021250
0 0.669444 0.805625 0.110000 0.018750
0 0.919444 0.803125 0.125556 0.018750
0 0.169444 0.876250 0.130000 0.022500
0 0.418889 0.875625 0.144444 0.023750
0 0.668889 0.877500 0.113333 0.020000
0 0.919444 0.877500 0.130000 0.017500
0 0.168889 0.952500 0.135556 0.020000
0 0.419444 0.948125 0.125556 0.023750
0 0.669444 0.951875 0.127778 0.021250
0 0.919444 0.948750 0.130000 0.022500