0 0.168889 0.069375 0.120000 0.016250
0 0.419444 0.066875 0.130000 0.023750
0 0.668889 0.068750 0.131111 0.017500
0 0.918889 0.065000 0.093333 0.022500
0 0.169444 0.143125 0.145556 0.021250
0 0.419444 0.140625 0.116667 0.023750
0 0.668889 0.140000 0.115556 0.025000
0 0.919444 0.143125 0.121111 0.016250
0 0.168889 0.215625 0.144444 0.023750
0 0.419444 0.217500 0.107778 0.017500
0 0.669444 0.215625 0.130000 0.021250
0 0.919444 0.215625 0.112222 0.021250
0 0.169444 0.290000 0.114444 0.025000
0 0.418889 0.290000 0.104444 0.017500
0 0.669444 0.289375 0.130000 0.023750
0 0.919444 0.288750 0.130000 0.022500
0 0.168889 0.368750 0.140000 0.017500
0 0.418889 0.363125 0.146667 0.021250
0 0.668889 0.364375 0.102222 0.023750
0 0.918889 0.362500 0.120000 0.022500
0 0.168889 0.440000 0.135556 0.025000
0 0.419444 0.436875 0.118889 0.023750
0 0.669444 0.438750 0.158889 0.025000
0 0.918889 0.439375 0.124444 0.018750
0 0.169444 0.515000 0.121111 0.017500
0 0.419444 0.512500 0.114444 0.022500
0 0.669444 0.515625 0.094444 0.016250
0 0.918889 0.511875 0.113333 0.021250
0 0.168889 0.588125 0.108889 0.016250
0 0.418889 0.584375 0.120000 0.021250
0 0.669444 0.588125 0.123333 0.016250
0 0.918889 0.584375 0.106667 0.021250
0 0.169444 0.656875 0.130000 0.021250
0 0.419444 0.660625 0.136667 0.018750
0 0.669444 0.656250 0.130000 0.025000
0 0.918889 0.658750 0.142222 0.025000
0 0.168889 0.734375 0.120000 0.021250
0 0.418889 0.735000 0.120000 0.017500
0 0.668889 0.734375 0.131111 0.016250
0 0.919444 0.731875 0.107778 0.023750
0 0.169444 0.806250 0.118889 0.025000
0 0.419444 0.808750 0.134444 0.022500
0 0.668889 0.810000 0.133333 0.017500
0 0.918889 0.804375 0.140000 0.021250
0 0.169444 0.880625 0.130000 0.021250
0 0.419444 0.883750 0.125556 0.022500
0 0.668889 0.883750 0.128889 0.017500
0 0.919444 0.880000 0.138889 0.020000
0 0.169444 0.953125 0.094444 0.023750
0 0.419444 0.954375 0.094444 0.021250
0 0.668889 0.952500 0.131111 0.020000
0 0.919444 0.953125 0.130000 0.023750