0 0.169444 0.066250 0.130000 0.022500
0 0.419444 0.068750 0.081111 0.017500
0 0.669444 0.069375 0.118889 0.018750
0 0.918889 0.069375 0.111111 0.016250
0 0.169444 0.139375 0.116667 0.023750
0 0.419444 0.143125 0.116667 0.016250
0 0.668889 0.138125 0.093333 0.021250
0 0.918889 0.140000 0.104444 0.017500
0 0.169444 0.215625 0.145556 0.021250
0 0.419444 0.212500 0.143333 0.022500
0 0.668889 0.215000 0.124444 0.017500
0 0.918889 0.212500 0.111111 0.020000
0 0.169444 0.285000 0.130000 0.025000
0 0.418889 0.288750 0.120000 0.020000
0 0.668889 0.287500 0.106667 0.017500
0 0.918889 0.284375 0.146667 0.021250
0 0.169444 0.360625 0.130000 0.021250
0 0.419444 0.361250 0.116667 0.022500
0 0.668889 0.365000 0.137778 0.017500
0 0.919444 0.362500 0.136667 0.025000
0 0.169444 0.437500 0.096667 0.017500
0 0.418889 0.435625 0.144444 0.023750
0 0.669444 0.435000 0.092222 0.020000
0 0.919444 0.434375 0.125556 0.021250
0 0.168889 0.512500 0.124444 0.017500
0 0.418889 0.509375 0.144444 0.023750
0 0.669444 0.511250 0.121111 0.017500
0 0.918889 0.513125 0.135556 0.018750
0 0.168889 0.581875 0.120000 0.021250
0 0.419444 0.582500 0.143333 0.022500
0 0.668889 0.581875 0.120000 0.021250
0 0.918889 0.581250 0.106667 0.022500
0 0.168889 0.654375 0.111111 0.023750
0 0.419444 0.655000 0.130000 0.022500
0 0.669444 0.657500 0.114444 0.025000
0 0.918889 0.654375 0.093333 0.018750
0 0.169444 0.732500 0.121111 0.017500
0 0.418889 0.735000 0.137778 0.017500
0 0.668889 0.728750 0.117778 0.020000
0 0.919444 0.730625 0.116667 0.023750
0 0.168889 0.807500 0.124444 0.017500
0 0.418889 0.803750 0.080000 0.020000
0 0.668889 0.803750 0.111111 0.020000
0 0.918889 0.806250 0.106667 0.017500
0 0.169444 0.873750 0.098889 0.020000
0 0.418889 0.873750 0.115556 0.022500
0 0.668889 0.873750 0.131111 0.020000
0 0.919444 0.876250 0.103333 0.020000
0 0.169444 0.948125 0.103333 0.018750
0 0.418889 0.946250 0.131111 0.020000
0 0.668889 0.947500 0.091111 0.017500
0 0.918889 0.945625 0.113333 0.023750