0 0.169444 0.066250 0.130000 0.022500
0 0.419444 0.068125 0.105556 0.023750
0 0.668889 0.066250 0.133333 0.022500
0 0.919444 0.068750 0.125556 0.017500
0 0.169444 0.141250 0.116667 0.022500
0 0.418889 0.140000 0.120000 0.022500
0 0.669444 0.142500 0.136667 0.025000
0 0.918889 0.139375 0.120000 0.021250
0 0.169444 0.215000 0.138889 0.020000
0 0.418889 0.215625 0.102222 0.018750
0 0.668889 0.215000 0.135556 0.020000
0 0.918889 0.215000 0.111111 0.020000
0 0.168889 0.285000 0.135556 0.020000
0 0.418889 0.287500 0.117778 0.017500
0 0.669444 0.285625 0.125556 0.026250
0 0.918889 0.285625 0.093333 0.021250
0 0.169444 0.365000 0.107778 0.017500
0 0.419444 0.363750 0.118889 0.022500
0 0.669444 0.361250 0.138889 0.020000
0 0.918889 0.365000 0.137778 0.017500
0 0.168889 0.435625 0.115556 0.021250
0 0.419444 0.435000 0.118889 0.025000
0 0.669444 0.437500 0.125556 0.022500
0 0.918889 0.433750 0.144444 0.025000
0 0.169444 0.513125 0.096667 0.021250
0 0.419444 0.511250 0.136667 0.025000
0 0.669444 0.513125 0.134444 0.021250
0 0.919444 0.512500 0.110000 0.020000
0 0.168889 0.582500 0.120000 0.022500
0 0.419444 0.583750 0.130000 0.025000
0 0.668889 0.584375 0.115556 0.023750
0 0.918889 0.585000 0.097778 0.017500
0 0.169444 0.657500 0.132222 0.022500
0 0.418889 0.660625 0.146667 0.023750
0 0.668889 0.662500 0.120000 0.017500
0 0.919444 0.660625 0.101111 0.018750
0 0.168889 0.733125 0.102222 0.021250
0 0.418889 0.734375 0.113333 0.016250
0 0.669444 0.731250 0.118889 0.022500
0 0.919444 0.731250 0.132222 0.022500
0 0.168889 0.805000 0.133333 0.022500
0 0.419444 0.808125 0.098889 0.018750
0 0.669444 0.808125 0.116667 0.018750
0 0.919444 0.805000 0.130000 0.022500
0 0.168889 0.881250 0.126667 0.020000
0 0.418889 0.876875 0.113333 0.023750
0 0.669444 0.877500 0.098889 0.020000
0 0.919444 0.878125 0.130000 0.023750
0 0.169444 0.950625 0.130000 0.023750
0 0.419444 0.951250 0.143333 0.022500
0 0.669444 0.955625 0.125556 0.021250
0 0.919444 0.951250 0.130000 0.022500