0 0.168889 0.066875 0.144444 0.023750
0 0.419444 0.066250 0.130000 0.022500
0 0.669444 0.071250 0.125556 0.017500
0 0.919444 0.066250 0.130000 0.022500
0 0.168889 0.143125 0.106667 0.018750
0 0.418889 0.142500 0.128889 0.022500
0 0.668889 0.139375 0.120000 0.021250
0 0.919444 0.140625 0.130000 0.023750
0 0.168889 0.217500 0.135556 0.017500
0 0.419444 0.215625 0.121111 0.023750
0 0.668889 0.212500 0.131111 0.020000
0 0.918889 0.215625 0.115556 0.023750
0 0.168889 0.290000 0.124444 0.025000
0 0.419444 0.288125 0.130000 0.023750
0 0.669444 0.290000 0.123333 0.025000
0 0.918889 0.287500 0.106667 0.020000
0 0.169444 0.363750 0.134444 0.025000
0 0.419444 0.366875 0.121111 0.016250
0 0.668889 0.363125 0.115556 0.023750
0 0.919444 0.363750 0.130000 0.022500
0 0.168889 0.436875 0.113333 0.023750
0 0.419444 0.438125 0.130000 0.023750
0 0.668889 0.436875 0.120000 0.021250
0 0.918889 0.437500 0.133333 0.022500
0 0.169444 0.513125 0.114444 0.021250
0 0.418889 0.511875 0.144444 0.023750
0 0.668889 0.513750 0.106667 0.017500
0 0.918889 0.511250 0.135556 0.022500
0 0.169444 0.585000 0.105556 0.025000
0 0.418889 0.588750 0.128889 0.020000
0 0.668889 0.588750 0.108889 0.017500
0 0.918889 0.584375 0.120000 0.021250
0 0.168889 0.664375 0.151111 0.021250
0 0.418889 0.660000 0.093333 0.020000
0 0.669444 0.660625 0.125556 0.026250
0 0.918889 0.660000 0.120000 0.020000
0 0.169444 0.737500 0.114444 0.025000
0 0.418889 0.740000 0.108889 0.017500
0 0.668889 0.735625 0.146667 0.021250
0 0.919444 0.736875 0.130000 0.023750
0 0.168889 0.811875 0.164444 0.021250
0 0.419444 0.810000 0.132222 0.022500
0 0.668889 0.811250 0.157778 0.022500
0 0.918889 0.815625 0.120000 0.016250
0 0.169444 0.886250 0.123333 0.025000
0 0.419444 0.885625 0.121111 0.016250
0 0.669444 0.887500 0.125556 0.020000
0 0.918889 0.883125 0.133333 0.021250
0 0.168889 0.961250 0.106667 0.017500
0 0.419444 0.962500 0.127778 0.020000
0 0.668889 0.959375 0.144444 0.023750
0 0.919444 0.958750 0.141111 0.022500