0 0.169444 0.070000 0.127778 0.020000
0 0.418889 0.065625 0.133333 0.021250
0 0.668889 0.069375 0.100000 0.018750
0 0.919444 0.068125 0.110000 0.021250
0 0.169444 0.136875 0.098889 0.023750
0 0.419444 0.137500 0.092222 0.020000
0 0.668889 0.136875 0.113333 0.021250
0 0.919444 0.141875 0.121111 0.018750
0 0.169444 0.213125 0.114444 0.021250
0 0.419444 0.213750 0.107778 0.017500
0 0.669444 0.211250 0.143333 0.022500
0 0.919444 0.213750 0.110000 0.020000
0 0.168889 0.282500 0.106667 0.022500
0 0.419444 0.283750 0.114444 0.022500
0 0.668889 0.286250 0.104444 0.022500
0 0.918889 0.284375 0.106667 0.023750
0 0.168889 0.359375 0.111111 0.016250
0 0.419444 0.357500 0.112222 0.020000
0 0.669444 0.360625 0.125556 0.021250
0 0.919444 0.358125 0.130000 0.023750
0 0.169444 0.432500 0.118889 0.025000
0 0.418889 0.433125 0.131111 0.023750
0 0.669444 0.432500 0.130000 0.022500
0 0.918889 0.430625 0.133333 0.021250
0 0.169444 0.508125 0.110000 0.021250
0 0.418889 0.509375 0.093333 0.018750
0 0.668889 0.508750 0.120000 0.025000
0 0.919444 0.506250 0.141111 0.022500
0 0.169444 0.580625 0.087778 0.018750
0 0.419444 0.581875 0.130000 0.023750
0 0.669444 0.582500 0.125556 0.022500
0 0.918889 0.585000 0.135556 0.017500
0 0.168889 0.655000 0.115556 0.022500
0 0.419444 0.655000 0.143333 0.022500
0 0.668889 0.653750 0.120000 0.022500
0 0.918889 0.655625 0.093333 0.021250
0 0.169444 0.727500 0.152222 0.020000
0 0.419444 0.726875 0.158889 0.021250
0 0.669444 0.729375 0.101111 0.021250
0 0.919444 0.730000 0.103333 0.017500
0 0.169444 0.799375 0.105556 0.023750
0 0.419444 0.799375 0.150000 0.021250
0 0.669444 0.798125 0.138889 0.018750
0 0.919444 0.799375 0.092222 0.023750
0 0.169444 0.873125 0.101111 0.021250
0 0.418889 0.873125 0.144444 0.023750
0 0.668889 0.874375 0.146667 0.023750
0 0.918889 0.874375 0.115556 0.023750
0 0.169444 0.950625 0.141111 0.018750
0 0.419444 0.946250 0.130000 0.022500
0 0.669444 0.950000 0.125556 0.020000
0 0.919444 0.945000 0.105556 0.022500