0 0.168889 0.065000 0.106667 0.022500
0 0.419444 0.068125 0.136667 0.021250
0 0.668889 0.065625 0.093333 0.021250
0 0.918889 0.066875 0.157778 0.023750
0 0.168889 0.145000 0.115556 0.017500
0 0.419444 0.144375 0.107778 0.016250
0 0.669444 0.140625 0.118889 0.023750
0 0.919444 0.138750 0.145556 0.020000
0 0.169444 0.215625 0.114444 0.021250
0 0.419444 0.216250 0.118889 0.022500
0 0.669444 0.214375 0.130000 0.023750
0 0.918889 0.216250 0.133333 0.025000
0 0.169444 0.289375 0.130000 0.023750
0 0.419444 0.291875 0.123333 0.016250
0 0.668889 0.288125 0.133333 0.021250
0 0.919444 0.288125 0.130000 0.023750
0 0.169444 0.363750 0.107778 0.025000
0 0.419444 0.362500 0.130000 0.025000
0 0.668889 0.365000 0.128889 0.022500
0 0.919444 0.365625 0.101111 0.021250
0 0.168889 0.439375 0.131111 0.023750
0 0.419444 0.436875 0.130000 0.023750
0 0.668889 0.437500 0.128889 0.022500
0 0.918889 0.436250 0.133333 0.022500
0 0.169444 0.511875 0.130000 0.023750
0 0.418889 0.511875 0.144444 0.023750
0 0.668889 0.511250 0.106667 0.020000
0 0.919444 0.511875 0.125556 0.023750
0 0.168889 0.584375 0.146667 0.021250
0 0.419444 0.585625 0.130000 0.023750
0 0.669444 0.584375 0.092222 0.018750
0 0.919444 0.586875 0.121111 0.023750
0 0.169444 0.659375 0.112222 0.021250
0 0.419444 0.659375 0.123333 0.023750
0 0.668889 0.657500 0.133333 0.022500
0 0.919444 0.661250 0.121111 0.015000
0 0.168889 0.733750 0.104444 0.017500
0 0.419444 0.735000 0.121111 0.017500
0 0.669444 0.733125 0.158889 0.023750
0 0.918889 0.735000 0.108889 0.020000
0 0.169444 0.810000 0.125556 0.022500
0 0.419444 0.806250 0.118889 0.025000
0 0.668889 0.808750 0.133333 0.025000
0 0.918889 0.806250 0.111111 0.020000
0 0.169444 0.881875 0.114444 0.021250
0 0.419444 0.881250 0.141111 0.022500
0 0.668889 0.881250 0.093333 0.020000
0 0.918889 0.882500 0.144444 0.022500
0 0.168889 0.956875 0.117778 0.018750
0 0.419444 0.954375 0.130000 0.021250
0 0.669444 0.955625 0.114444 0.021250
0 0.918889 0.956250 0.117778 0.025000