0 0.169444 0.069375 0.092222 0.018750
0 0.418889 0.067500 0.111111 0.022500
0 0.668889 0.069375 0.106667 0.018750
0 0.919444 0.066875 0.107778 0.021250
0 0.168889 0.138125 0.120000 0.021250
0 0.418889 0.138125 0.137778 0.021250
0 0.669444 0.139375 0.143333 0.021250
0 0.918889 0.137500 0.120000 0.022500
0 0.168889 0.213750 0.108889 0.017500
0 0.418889 0.215000 0.102222 0.020000
0 0.668889 0.211875 0.144444 0.023750
0 0.919444 0.210625 0.125556 0.023750
0 0.169444 0.285000 0.130000 0.022500
0 0.418889 0.284375 0.120000 0.021250
0 0.669444 0.288125 0.105556 0.018750
0 0.919444 0.289375 0.107778 0.016250
0 0.169444 0.358125 0.130000 0.023750
0 0.418889 0.357500 0.115556 0.022500
0 0.668889 0.360625 0.131111 0.016250
0 0.918889 0.360000 0.124444 0.017500
0 0.169444 0.433750 0.103333 0.017500
0 0.419444 0.433125 0.114444 0.021250
0 0.669444 0.430625 0.145556 0.021250
0 0.919444 0.431250 0.143333 0.022500
0 0.169444 0.503125 0.130000 0.023750
0 0.419444 0.504375 0.112222 0.023750
0 0.669444 0.503125 0.130000 0.023750
0 0.918889 0.503125 0.093333 0.021250
0 0.169444 0.577500 0.143333 0.022500
0 0.419444 0.577500 0.130000 0.022500
0 0.669444 0.578750 0.130000 0.025000
0 0.919444 0.579375 0.110000 0.018750
0 0.169444 0.651250 0.118889 0.022500
0 0.418889 0.652500 0.120000 0.022500
0 0.669444 0.652500 0.141111 0.020000
0 0.919444 0.651875 0.101111 0.021250
0 0.168889 0.728125 0.117778 0.016250
0 0.418889 0.724375 0.133333 0.021250
0 0.669444 0.729375 0.114444 0.021250
0 0.919444 0.725000 0.130000 0.025000
0 0.168889 0.799375 0.113333 0.023750
0 0.418889 0.800000 0.111111 0.020000
0 0.668889 0.798750 0.106667 0.022500
0 0.918889 0.800000 0.115556 0.022500
0 0.168889 0.874375 0.115556 0.021250
0 0.419444 0.875000 0.116667 0.022500
0 0.668889 0.874375 0.115556 0.023750
0 0.919444 0.873125 0.130000 0.023750
0 0.168889 0.949375 0.113333 0.016250
0 0.419444 0.947500 0.143333 0.022500
0 0.669444 0.948125 0.112222 0.021250
0 0.919444 0.950625 0.141111 0.016250