0 0.168889 0.066875 0.115556 0.021250
0 0.419444 0.070625 0.112222 0.016250
0 0.668889 0.065625 0.120000 0.021250
0 0.918889 0.066250 0.093333 0.020000
0 0.168889 0.136250 0.120000 0.022500
0 0.418889 0.137500 0.157778 0.022500
0 0.668889 0.140000 0.113333 0.020000
0 0.918889 0.136875 0.120000 0.021250
0 0.168889 0.210625 0.164444 0.021250
0 0.418889 0.209375 0.106667 0.021250
0 0.668889 0.210000 0.106667 0.022500
0 0.919444 0.210625 0.130000 0.023750
0 0.168889 0.286250 0.108889 0.017500
0 0.418889 0.285625 0.111111 0.016250
0 0.668889 0.283125 0.115556 0.023750
0 0.919444 0.283750 0.118889 0.025000
0 0.168889 0.360000 0.104444 0.017500
0 0.419444 0.358750 0.150000 0.020000
0 0.669444 0.362500 0.125556 0.020000
0 0.918889 0.360625 0.100000 0.023750
0 0.169444 0.433125 0.112222 0.023750
0 0.419444 0.433125 0.087778 0.023750
0 0.668889 0.432500 0.115556 0.025000
0 0.918889 0.432500 0.120000 0.022500
0 0.168889 0.508125 0.144444 0.023750
0 0.419444 0.510625 0.130000 0.016250
0 0.668889 0.510625 0.108889 0.016250
0 0.918889 0.507500 0.115556 0.022500
0 0.168889 0.580625 0.106667 0.021250
0 0.418889 0.581250 0.120000 0.022500
0 0.668889 0.582500 0.115556 0.022500
0 0.919444 0.583750 0.118889 0.025000
0 0.168889 0.656875 0.093333 0.021250
0 0.418889 0.656875 0.093333 0.021250
0 0.669444 0.658125 0.123333 0.021250
0 0.919444 0.657500 0.101111 0.020000
0 0.169444 0.730000 0.107778 0.017500
0 0.418889 0.727500 0.093333 0.020000
0 0.668889 0.728750 0.102222 0.022500
0 0.918889 0.727500 0.115556 0.022500
0 0.169444 0.800625 0.130000 0.023750
0 0.419444 0.800000 0.130000 0.025000
0 0.669444 0.799375 0.101111 0.018750
0 0.919444 0.800625 0.130000 0.021250
0 0.168889 0.875625 0.113333 0.023750
0 0.419444 0.875000 0.118889 0.025000
0 0.668889 0.875000 0.111111 0.020000
0 0.919444 0.875000 0.130000 0.022500
0 0.168889 0.950625 0.157778 0.023750
0 0.418889 0.949375 0.131111 0.018750
0 0.668889 0.948750 0.144444 0.020000
0 0.918889 0.948750 0.120000 0.022500