0 0.169444 0.068125 0.130000 0.021250
0 0.419444 0.066250 0.143333 0.022500
0 0.668889 0.067500 0.144444 0.025000
0 0.918889 0.066875 0.144444 0.023750
0 0.169444 0.142500 0.116667 0.022500
0 0.418889 0.141875 0.115556 0.023750
0 0.669444 0.144375 0.105556 0.018750
0 0.918889 0.142500 0.124444 0.025000
0 0.169444 0.216250 0.143333 0.022500
0 0.419444 0.215000 0.118889 0.022500
0 0.669444 0.219375 0.116667 0.018750
0 0.919444 0.216250 0.130000 0.022500
0 0.168889 0.291875 0.122222 0.018750
0 0.418889 0.290000 0.091111 0.017500
0 0.669444 0.291250 0.121111 0.017500
0 0.919444 0.291875 0.127778 0.021250
0 0.168889 0.362500 0.122222 0.017500
0 0.418889 0.359375 0.131111 0.018750
0 0.668889 0.363125 0.111111 0.018750
0 0.918889 0.361250 0.104444 0.017500
0 0.169444 0.432500 0.123333 0.015000
0 0.419444 0.430625 0.110000 0.021250
0 0.669444 0.430000 0.096667 0.017500
0 0.918889 0.428125 0.133333 0.021250
0 0.169444 0.503125 0.127778 0.021250
0 0.419444 0.500000 0.143333 0.022500
0 0.669444 0.500000 0.141111 0.022500
0 0.918889 0.500000 0.120000 0.020000
0 0.168889 0.575000 0.108889 0.017500
0 0.418889 0.575000 0.124444 0.017500
0 0.668889 0.575625 0.122222 0.018750
0 0.919444 0.573125 0.130000 0.023750
0 0.169444 0.645625 0.125556 0.018750
0 0.419444 0.649375 0.123333 0.016250
0 0.669444 0.646875 0.094444 0.021250
0 0.919444 0.646875 0.130000 0.021250
0 0.169444 0.720000 0.123333 0.025000
0 0.418889 0.716875 0.100000 0.021250
0 0.668889 0.716875 0.133333 0.021250
0 0.919444 0.718750 0.116667 0.022500
0 0.168889 0.791875 0.113333 0.021250
0 0.419444 0.792500 0.101111 0.020000
0 0.669444 0.792500 0.130000 0.022500
0 0.918889 0.793750 0.115556 0.022500
0 0.169444 0.865000 0.130000 0.022500
0 0.418889 0.866875 0.113333 0.016250
0 0.669444 0.867500 0.107778 0.025000
0 0.918889 0.868750 0.126667 0.020000
0 0.169444 0.940625 0.114444 0.021250
0 0.418889 0.938750 0.120000 0.022500
0 0.669444 0.941875 0.136667 0.021250
0 0.919444 0.940625 0.112222 0.021250