0 0.168889 0.066875 0.115556 0.023750
0 0.418889 0.065625 0.120000 0.021250
0 0.669444 0.066250 0.143333 0.022500
0 0.919444 0.066250 0.138889 0.020000
0 0.169444 0.140625 0.158889 0.023750
0 0.418889 0.141875 0.131111 0.023750
0 0.669444 0.140625 0.130000 0.023750
0 0.919444 0.139375 0.145556 0.021250
0 0.169444 0.216250 0.081111 0.017500
0 0.419444 0.213750 0.130000 0.022500
0 0.668889 0.215625 0.113333 0.016250
0 0.919444 0.216875 0.121111 0.016250
0 0.169444 0.291250 0.118889 0.017500
0 0.419444 0.289375 0.118889 0.018750
0 0.668889 0.290625 0.133333 0.021250
0 0.918889 0.290625 0.151111 0.018750
0 0.169444 0.360625 0.098889 0.018750
0 0.418889 0.358750 0.102222 0.025000
0 0.668889 0.356250 0.133333 0.022500
0 0.918889 0.358750 0.091111 0.017500
0 0.168889 0.433750 0.102222 0.025000
0 0.419444 0.431250 0.118889 0.022500
0 0.668889 0.434375 0.088889 0.018750
0 0.919444 0.432500 0.130000 0.022500
0 0.169444 0.510000 0.118889 0.022500
0 0.419444 0.510000 0.123333 0.025000
0 0.668889 0.510000 0.131111 0.025000
0 0.919444 0.508125 0.130000 0.023750
0 0.168889 0.581250 0.120000 0.022500
0 0.419444 0.582500 0.143333 0.022500
0 0.669444 0.585625 0.090000 0.018750
0 0.919444 0.585000 0.110000 0.017500
0 0.169444 0.654375 0.081111 0.021250
0 0.418889 0.655000 0.111111 0.020000
0 0.668889 0.654375 0.146667 0.021250
0 0.918889 0.654375 0.100000 0.021250
0 0.168889 0.726250 0.133333 0.022500
0 0.418889 0.728750 0.133333 0.025000
0 0.668889 0.729375 0.111111 0.018750
0 0.919444 0.728125 0.114444 0.021250
0 0.169444 0.803750 0.121111 0.017500
0 0.418889 0.801250 0.128889 0.022500
0 0.669444 0.801875 0.150000 0.021250
0 0.919444 0.805000 0.127778 0.020000
0 0.168889 0.873125 0.097778 0.018750
0 0.419444 0.875625 0.101111 0.018750
0 0.668889 0.876250 0.133333 0.025000
0 0.918889 0.876875 0.126667 0.021250
0 0.169444 0.948750 0.130000 0.022500
0 0.419444 0.951250 0.125556 0.025000
0 0.668889 0.950625 0.146667 0.023750
0 0.919444 0.951875 0.121111 0.016250