0 0.168889 0.066250 0.093333 0.020000
0 0.419444 0.066250 0.118889 0.025000
0 0.669444 0.068750 0.123333 0.025000
0 0.919444 0.066875 0.130000 0.023750
0 0.169444 0.141875 0.130000 0.023750
0 0.418889 0.143750 0.120000 0.025000
0 0.669444 0.143125 0.121111 0.023750
0 0.918889 0.141875 0.144444 0.023750
0 0.169444 0.218125 0.121111 0.023750
0 0.418889 0.219375 0.100000 0.018750
0 0.669444 0.217500 0.116667 0.022500
0 0.918889 0.216875 0.144444 0.023750
0 0.168889 0.292500 0.117778 0.025000
0 0.419444 0.290625 0.130000 0.021250
0 0.669444 0.288750 0.087778 0.020000
0 0.918889 0.292500 0.102222 0.022500
0 0.169444 0.367500 0.101111 0.025000
0 0.419444 0.368125 0.103333 0.018750
0 0.669444 0.365625 0.130000 0.023750
0 0.918889 0.363750 0.093333 0.022500
0 0.169444 0.439375 0.118889 0.023750
0 0.418889 0.439375 0.113333 0.023750
0 0.668889 0.441250 0.144444 0.022500
0 0.919444 0.440625 0.112222 0.021250
0 0.169444 0.514375 0.130000 0.023750
0 0.419444 0.515000 0.130000 0.022500
0 0.669444 0.512500 0.118889 0.022500
0 0.918889 0.513125 0.120000 0.021250
0 0.168889 0.591250 0.120000 0.017500
0 0.418889 0.591875 0.133333 0.021250
0 0.669444 0.591250 0.125556 0.022500
0 0.918889 0.587500 0.131111 0.020000
0 0.169444 0.660625 0.130000 0.023750
0 0.418889 0.660000 0.120000 0.020000
0 0.668889 0.659375 0.113333 0.021250
0 0.919444 0.663125 0.127778 0.021250
0 0.169444 0.733750 0.143333 0.022500
0 0.419444 0.735625 0.123333 0.021250
0 0.668889 0.735000 0.144444 0.022500
0 0.918889 0.737500 0.124444 0.017500
0 0.169444 0.809375 0.127778 0.016250
0 0.418889 0.808125 0.113333 0.016250
0 0.669444 0.809375 0.123333 0.016250
0 0.918889 0.806250 0.120000 0.020000
0 0.168889 0.878750 0.104444 0.022500
0 0.419444 0.878125 0.103333 0.018750
0 0.668889 0.875000 0.120000 0.022500
0 0.919444 0.880000 0.136667 0.017500
0 0.169444 0.948750 0.130000 0.022500
0 0.419444 0.948750 0.130000 0.022500
0 0.668889 0.948750 0.131111 0.020000
0 0.918889 0.948750 0.133333 0.022500