0 0.168889 0.070000 0.124444 0.017500
0 0.418889 0.067500 0.128889 0.025000
0 0.668889 0.067500 0.104444 0.017500
0 0.918889 0.070000 0.124444 0.020000
0 0.169444 0.143125 0.121111 0.023750
0 0.419444 0.140625 0.130000 0.023750
0 0.668889 0.141875 0.144444 0.023750
0 0.919444 0.141250 0.130000 0.022500
0 0.168889 0.218125 0.100000 0.018750
0 0.418889 0.214375 0.120000 0.021250
0 0.668889 0.215000 0.146667 0.022500
0 0.919444 0.218750 0.121111 0.015000
0 0.168889 0.287500 0.135556 0.022500
0 0.418889 0.290000 0.128889 0.022500
0 0.669444 0.287500 0.125556 0.020000
0 0.918889 0.286250 0.120000 0.022500
0 0.168889 0.363125 0.106667 0.021250
0 0.418889 0.358750 0.093333 0.022500
0 0.668889 0.360000 0.157778 0.022500
0 0.919444 0.363750 0.107778 0.020000
0 0.169444 0.436250 0.127778 0.017500
0 0.419444 0.432500 0.101111 0.020000
0 0.669444 0.435625 0.125556 0.016250
0 0.918889 0.431250 0.120000 0.022500
0 0.168889 0.505000 0.120000 0.022500
0 0.419444 0.507500 0.110000 0.017500
0 0.668889 0.507500 0.117778 0.025000
0 0.919444 0.505000 0.143333 0.022500
0 0.168889 0.580625 0.113333 0.023750
0 0.418889 0.582500 0.108889 0.017500
0 0.669444 0.578750 0.118889 0.022500
0 0.918889 0.583750 0.120000 0.017500
0 0.169444 0.653125 0.130000 0.023750
0 0.419444 0.654375 0.130000 0.023750
0 0.669444 0.654375 0.125556 0.026250
0 0.919444 0.656875 0.105556 0.018750
0 0.169444 0.732500 0.103333 0.017500
0 0.418889 0.733750 0.135556 0.017500
0 0.669444 0.733750 0.110000 0.020000
0 0.919444 0.733125 0.107778 0.018750
0 0.169444 0.799375 0.092222 0.018750
0 0.419444 0.800625 0.130000 0.023750
0 0.668889 0.799375 0.120000 0.021250
0 0.919444 0.800625 0.114444 0.021250
0 0.168889 0.875625 0.124444 0.018750
0 0.419444 0.876250 0.101111 0.017500
0 0.668889 0.874375 0.144444 0.023750
0 0.918889 0.876875 0.091111 0.018750
0 0.169444 0.947500 0.143333 0.022500
0 0.419444 0.949375 0.130000 0.021250
0 0.668889 0.951250 0.117778 0.017500
0 0.918889 0.946875 0.120000 0.021250