0 0.169444 0.066250 0.130000 0.025000
0 0.419444 0.065625 0.132222 0.021250
0 0.668889 0.071250 0.133333 0.017500
0 0.918889 0.068750 0.104444 0.020000
0 0.168889 0.140625 0.115556 0.023750
0 0.418889 0.143125 0.111111 0.016250
0 0.669444 0.145000 0.121111 0.017500
0 0.919444 0.144375 0.103333 0.018750
0 0.169444 0.219375 0.125556 0.021250
0 0.418889 0.215625 0.144444 0.023750
0 0.668889 0.216250 0.106667 0.025000
0 0.918889 0.217500 0.120000 0.025000
0 0.168889 0.290000 0.106667 0.020000
0 0.418889 0.288750 0.093333 0.022500
0 0.669444 0.293750 0.110000 0.020000
0 0.919444 0.291250 0.130000 0.022500
0 0.169444 0.362500 0.143333 0.022500
0 0.419444 0.365625 0.127778 0.021250
0 0.668889 0.362500 0.120000 0.022500
0 0.918889 0.362500 0.128889 0.022500
0 0.168889 0.438125 0.126667 0.016250
0 0.418889 0.434375 0.113333 0.021250
0 0.668889 0.436875 0.115556 0.021250
0 0.918889 0.435625 0.144444 0.023750
0 0.169444 0.510625 0.101111 0.018750
0 0.419444 0.510625 0.101111 0.018750
0 0.668889 0.508125 0.120000 0.021250
0 0.919444 0.508750 0.101111 0.020000
0 0.169444 0.578750 0.118889 0.022500
0 0.419444 0.584375 0.107778 0.016250
0 0.669444 0.584375 0.134444 0.021250
0 0.918889 0.578750 0.146667 0.022500
0 0.169444 0.656250 0.134444 0.017500
0 0.419444 0.654375 0.114444 0.021250
0 0.668889 0.651875 0.106667 0.021250
0 0.918889 0.653125 0.157778 0.023750
0 0.169444 0.727500 0.116667 0.022500
0 0.419444 0.726250 0.114444 0.022500
0 0.669444 0.726250 0.138889 0.020000
0 0.919444 0.728125 0.136667 0.021250
0 0.169444 0.800625 0.087778 0.016250
0 0.418889 0.801250 0.128889 0.022500
0 0.669444 0.798750 0.130000 0.025000
0 0.918889 0.801875 0.131111 0.018750
0 0.168889 0.873125 0.068889 0.021250
0 0.418889 0.872500 0.137778 0.020000
0 0.669444 0.873750 0.130000 0.022500
0 0.919444 0.874375 0.143333 0.021250
0 0.169444 0.946875 0.130000 0.023750
0 0.419444 0.948125 0.110000 0.021250
0 0.668889 0.950000 0.115556 0.022500
0 0.918889 0.950625 0.111111 0.016250