0 0.168889 0.070625 0.151111 0.021250
0 0.418889 0.066250 0.157778 0.022500
0 0.669444 0.068125 0.136667 0.021250
0 0.919444 0.069375 0.127778 0.016250
0 0.169444 0.141875 0.125556 0.018750
0 0.418889 0.142500 0.095556 0.017500
0 0.668889 0.140625 0.113333 0.021250
0 0.919444 0.142500 0.125556 0.020000
0 0.169444 0.208750 0.118889 0.022500
0 0.418889 0.211250 0.117778 0.025000
0 0.669444 0.215000 0.132222 0.017500
0 0.918889 0.213125 0.115556 0.021250
0 0.169444 0.286875 0.101111 0.021250
0 0.419444 0.286250 0.130000 0.022500
0 0.669444 0.285000 0.130000 0.022500
0 0.919444 0.285000 0.092222 0.020000
0 0.169444 0.360000 0.123333 0.025000
0 0.418889 0.357500 0.128889 0.022500
0 0.668889 0.356250 0.120000 0.022500
0 0.919444 0.358125 0.130000 0.023750
0 0.168889 0.431250 0.100000 0.020000
0 0.418889 0.435000 0.106667 0.020000
0 0.668889 0.431250 0.120000 0.022500
0 0.919444 0.436250 0.114444 0.020000
0 0.168889 0.506250 0.117778 0.025000
0 0.418889 0.509375 0.133333 0.021250
0 0.669444 0.509375 0.143333 0.018750
0 0.919444 0.509375 0.125556 0.021250
0 0.169444 0.580000 0.092222 0.020000
0 0.419444 0.581875 0.130000 0.021250
0 0.669444 0.580625 0.130000 0.023750
0 0.918889 0.579375 0.120000 0.021250
0 0.168889 0.655000 0.097778 0.017500
0 0.418889 0.654375 0.144444 0.023750
0 0.668889 0.655625 0.131111 0.023750
0 0.918889 0.655000 0.144444 0.025000
0 0.169444 0.731250 0.116667 0.017500
0 0.418889 0.731875 0.113333 0.018750
0 0.669444 0.731250 0.123333 0.025000
0 0.918889 0.731875 0.091111 0.018750
0 0.169444 0.807500 0.125556 0.017500
0 0.419444 0.803125 0.138889 0.021250
0 0.668889 0.806250 0.095556 0.017500
0 0.918889 0.806250 0.128889 0.022500
0 0.168889 0.875000 0.146667 0.022500
0 0.419444 0.880000 0.134444 0.017500
0 0.669444 0.876250 0.130000 0.022500
0 0.918889 0.878125 0.100000 0.016250
0 0.168889 0.947500 0.120000 0.022500
0 0.419444 0.951250 0.125556 0.025000
0 0.668889 0.950000 0.091111 0.017500
0 0.918889 0.947500 0.120000 0.022500