0 0.169444 0.065625 0.130000 0.023750
0 0.419444 0.066875 0.130000 0.023750
0 0.668889 0.065000 0.133333 0.022500
0 0.919444 0.070000 0.138889 0.017500
0 0.168889 0.141250 0.097778 0.017500
0 0.418889 0.140000 0.111111 0.020000
0 0.669444 0.145000 0.138889 0.017500
0 0.919444 0.140000 0.130000 0.022500
0 0.169444 0.212500 0.143333 0.022500
0 0.419444 0.217500 0.123333 0.017500
0 0.669444 0.215000 0.118889 0.022500
0 0.918889 0.214375 0.111111 0.016250
0 0.169444 0.285000 0.130000 0.022500
0 0.418889 0.287500 0.104444 0.017500
0 0.668889 0.286875 0.131111 0.023750
0 0.919444 0.287500 0.110000 0.017500
0 0.168889 0.359375 0.144444 0.023750
0 0.419444 0.359375 0.130000 0.023750
0 0.668889 0.357500 0.133333 0.022500
0 0.919444 0.363750 0.136667 0.017500
0 0.169444 0.432500 0.130000 0.022500
0 0.419444 0.436250 0.116667 0.017500
0 0.669444 0.432500 0.143333 0.022500
0 0.919444 0.436250 0.121111 0.017500
0 0.168889 0.503750 0.133333 0.022500
0 0.418889 0.508125 0.106667 0.016250
0 0.669444 0.505625 0.158889 0.023750
0 0.919444 0.503750 0.118889 0.022500
0 0.168889 0.581875 0.106667 0.018750
0 0.419444 0.583750 0.125556 0.017500
0 0.668889 0.581875 0.120000 0.021250
0 0.919444 0.578125 0.125556 0.021250
0 0.168889 0.655000 0.131111 0.017500
0 0.419444 0.651250 0.130000 0.022500
0 0.669444 0.652500 0.121111 0.017500
0 0.919444 0.650000 0.138889 0.020000
0 0.169444 0.725625 0.116667 0.018750
0 0.418889 0.724375 0.111111 0.016250
0 0.669444 0.725000 0.123333 0.025000
0 0.919444 0.723750 0.118889 0.025000
0 0.169444 0.800000 0.107778 0.020000
0 0.418889 0.801250 0.126667 0.020000
0 0.669444 0.800000 0.123333 0.025000
0 0.919444 0.798750 0.130000 0.025000
0 0.169444 0.873125 0.094444 0.021250
0 0.418889 0.873125 0.144444 0.023750
0 0.668889 0.875625 0.120000 0.021250
0 0.918889 0.871250 0.120000 0.022500
0 0.168889 0.945625 0.133333 0.021250
0 0.418889 0.945625 0.120000 0.021250
0 0.669444 0.945625 0.125556 0.021250
0 0.918889 0.946250 0.093333 0.020000