0 0.168889 0.070000 0.120000 0.020000
0 0.418889 0.065625 0.120000 0.021250
0 0.669444 0.070000 0.118889 0.017500
0 0.919444 0.066250 0.143333 0.022500
0 0.168889 0.138750 0.128889 0.022500
0 0.419444 0.138750 0.150000 0.020000
0 0.669444 0.141875 0.121111 0.016250
0 0.918889 0.137500 0.133333 0.022500
0 0.169444 0.215625 0.134444 0.021250
0 0.419444 0.210625 0.125556 0.023750
0 0.668889 0.210000 0.133333 0.022500
0 0.919444 0.211875 0.158889 0.023750
0 0.168889 0.286875 0.131111 0.023750
0 0.419444 0.288750 0.121111 0.017500
0 0.668889 0.283750 0.120000 0.022500
0 0.918889 0.290000 0.135556 0.017500
0 0.168889 0.358125 0.097778 0.018750
0 0.418889 0.362500 0.131111 0.017500
0 0.669444 0.360000 0.105556 0.022500
0 0.918889 0.357500 0.106667 0.022500
0 0.168889 0.433125 0.095556 0.018750
0 0.418889 0.431250 0.120000 0.022500
0 0.668889 0.433750 0.113333 0.020000
0 0.918889 0.433125 0.146667 0.023750
0 0.169444 0.505625 0.112222 0.023750
0 0.419444 0.506250 0.083333 0.017500
0 0.669444 0.508125 0.143333 0.021250
0 0.919444 0.506875 0.130000 0.021250
0 0.169444 0.578750 0.118889 0.025000
0 0.419444 0.579375 0.101111 0.021250
0 0.668889 0.578125 0.133333 0.021250
0 0.918889 0.578125 0.113333 0.023750
0 0.169444 0.654375 0.130000 0.023750
0 0.419444 0.654375 0.130000 0.021250
0 0.668889 0.653750 0.115556 0.025000
0 0.919444 0.654375 0.130000 0.023750
0 0.169444 0.729375 0.130000 0.023750
0 0.418889 0.728125 0.120000 0.021250
0 0.669444 0.727500 0.092222 0.022500
0 0.919444 0.728125 0.138889 0.021250
0 0.169444 0.803750 0.130000 0.025000
0 0.419444 0.805000 0.118889 0.022500
0 0.669444 0.803125 0.112222 0.021250
0 0.919444 0.803125 0.158889 0.023750
0 0.168889 0.880000 0.102222 0.022500
0 0.418889 0.877500 0.128889 0.022500
0 0.669444 0.877500 0.130000 0.022500
0 0.919444 0.877500 0.143333 0.022500
0 0.168889 0.949375 0.113333 0.021250
0 0.419444 0.948750 0.092222 0.022500
0 0.669444 0.950000 0.130000 0.022500
0 0.919444 0.951875 0.121111 0.023750