0 0.169444 0.066875 0.141111 0.021250
0 0.418889 0.068750 0.153333 0.025000
0 0.669444 0.066875 0.134444 0.021250
0 0.918889 0.065625 0.133333 0.021250
0 0.168889 0.140625 0.120000 0.021250
0 0.419444 0.145000 0.121111 0.017500
0 0.669444 0.141250 0.130000 0.022500
0 0.919444 0.140000 0.132222 0.022500
0 0.168889 0.214375 0.115556 0.023750
0 0.419444 0.214375 0.130000 0.023750
0 0.668889 0.217500 0.126667 0.017500
0 0.919444 0.213750 0.092222 0.020000
0 0.168889 0.286875 0.113333 0.023750
0 0.419444 0.287500 0.143333 0.022500
0 0.668889 0.286250 0.133333 0.022500
0 0.919444 0.288125 0.121111 0.021250
0 0.168889 0.360000 0.133333 0.022500
0 0.418889 0.360625 0.115556 0.023750
0 0.669444 0.363125 0.101111 0.018750
0 0.919444 0.363750 0.116667 0.017500
0 0.169444 0.436875 0.105556 0.023750
0 0.419444 0.435625 0.081111 0.018750
0 0.669444 0.435625 0.134444 0.023750
0 0.918889 0.435625 0.111111 0.026250
0 0.168889 0.514375 0.122222 0.018750
0 0.418889 0.512500 0.091111 0.017500
0 0.669444 0.515625 0.125556 0.021250
0 0.919444 0.514375 0.127778 0.016250
0 0.169444 0.583750 0.130000 0.025000
0 0.419444 0.582500 0.150000 0.022500
0 0.668889 0.581875 0.120000 0.021250
0 0.919444 0.581875 0.092222 0.018750
0 0.169444 0.658125 0.130000 0.023750
0 0.419444 0.662500 0.114444 0.017500
0 0.669444 0.659375 0.098889 0.016250
0 0.919444 0.658750 0.081111 0.020000
0 0.169444 0.735000 0.121111 0.017500
0 0.418889 0.734375 0.115556 0.018750
0 0.668889 0.730000 0.133333 0.022500
0 0.919444 0.731875 0.114444 0.021250
0 0.169444 0.806875 0.121111 0.021250
0 0.419444 0.804375 0.107778 0.021250
0 0.669444 0.807500 0.103333 0.020000
0 0.919444 0.805000 0.118889 0.025000
0 0.168889 0.880625 0.108889 0.021250
0 0.419444 0.881875 0.116667 0.018750
0 0.668889 0.880000 0.111111 0.025000
0 0.918889 0.882500 0.135556 0.017500
0 0.169444 0.952500 0.132222 0.022500
0 0.418889 0.953750 0.093333 0.020000
0 0.668889 0.953750 0.126667 0.022500
0 0.918889 0.953125 0.133333 0.021250