0 0.169444 0.067500 0.118889 0.025000
0 0.418889 0.065625 0.144444 0.023750
0 0.668889 0.071250 0.135556 0.017500
0 0.918889 0.066250 0.120000 0.022500
0 0.169444 0.142500 0.125556 0.022500
0 0.419444 0.141250 0.143333 0.022500
0 0.669444 0.141250 0.130000 0.022500
0 0.919444 0.141875 0.130000 0.023750
0 0.168889 0.214375 0.120000 0.021250
0 0.419444 0.215000 0.130000 0.022500
0 0.668889 0.213750 0.146667 0.022500
0 0.919444 0.215000 0.130000 0.022500
0 0.169444 0.286250 0.123333 0.020000
0 0.418889 0.286875 0.113333 0.021250
0 0.668889 0.290000 0.128889 0.022500
0 0.918889 0.286250 0.131111 0.020000
0 0.169444 0.360000 0.130000 0.022500
0 0.419444 0.360625 0.134444 0.021250
0 0.669444 0.360625 0.123333 0.023750
0 0.919444 0.361875 0.123333 0.021250
0 0.168889 0.435625 0.111111 0.016250
0 0.418889 0.438125 0.151111 0.021250
0 0.669444 0.435625 0.123333 0.021250
0 0.918889 0.433750 0.131111 0.020000
0 0.168889 0.503750 0.120000 0.022500
0 0.419444 0.504375 0.105556 0.023750
0 0.669444 0.506875 0.121111 0.023750
0 0.918889 0.505625 0.102222 0.021250
0 0.169444 0.581250 0.123333 0.017500
0 0.419444 0.582500 0.121111 0.017500
0 0.669444 0.581875 0.125556 0.016250
0 0.919444 0.578750 0.130000 0.022500
0 0.168889 0.650625 0.120000 0.021250
0 0.419444 0.653750 0.123333 0.017500
0 0.669444 0.652500 0.083333 0.017500
0 0.918889 0.651875 0.144444 0.023750
0 0.169444 0.725625 0.121111 0.021250
0 0.419444 0.729375 0.096667 0.021250
0 0.668889 0.727500 0.117778 0.017500
0 0.918889 0.727500 0.120000 0.025000
0 0.169444 0.800625 0.130000 0.023750
0 0.418889 0.800625 0.115556 0.023750
0 0.669444 0.804375 0.125556 0.021250
0 0.919444 0.800625 0.158889 0.023750
0 0.168889 0.873750 0.120000 0.022500
0 0.419444 0.875000 0.125556 0.022500
0 0.669444 0.874375 0.112222 0.021250
0 0.918889 0.873750 0.128889 0.022500
0 0.169444 0.946875 0.141111 0.021250
0 0.418889 0.946875 0.144444 0.023750
0 0.669444 0.946875 0.112222 0.021250
0 0.918889 0.947500 0.144444 0.022500