0 0.168889 0.068750 0.128889 0.022500
0 0.419444 0.068750 0.143333 0.022500
0 0.669444 0.068125 0.130000 0.021250
0 0.918889 0.066875 0.144444 0.023750
0 0.168889 0.141875 0.131111 0.023750
0 0.419444 0.141250 0.158889 0.022500
0 0.668889 0.138750 0.146667 0.022500
0 0.919444 0.140625 0.112222 0.021250
0 0.168889 0.213750 0.133333 0.022500
0 0.419444 0.217500 0.134444 0.020000
0 0.669444 0.214375 0.101111 0.018750
0 0.918889 0.215000 0.144444 0.025000
0 0.169444 0.288125 0.130000 0.023750
0 0.418889 0.291250 0.148889 0.025000
0 0.669444 0.290625 0.121111 0.023750
0 0.919444 0.292500 0.107778 0.017500
0 0.169444 0.363750 0.130000 0.025000
0 0.419444 0.363125 0.105556 0.023750
0 0.669444 0.365000 0.130000 0.022500
0 0.919444 0.364375 0.116667 0.021250
0 0.168889 0.438125 0.146667 0.021250
0 0.418889 0.438750 0.120000 0.022500
0 0.669444 0.440000 0.130000 0.022500
0 0.918889 0.440000 0.144444 0.022500
0 0.169444 0.512500 0.125556 0.022500
0 0.418889 0.512500 0.115556 0.022500
0 0.669444 0.515000 0.138889 0.017500
0 0.918889 0.511875 0.144444 0.023750
0 0.168889 0.585000 0.133333 0.022500
0 0.419444 0.585625 0.114444 0.021250
0 0.668889 0.585000 0.120000 0.022500
0 0.918889 0.585000 0.102222 0.020000
0 0.168889 0.660000 0.128889 0.022500
0 0.418889 0.657500 0.120000 0.022500
0 0.669444 0.658750 0.158889 0.022500
0 0.919444 0.656875 0.118889 0.023750
0 0.168889 0.730000 0.106667 0.022500
0 0.418889 0.730625 0.133333 0.021250
0 0.669444 0.731875 0.101111 0.021250
0 0.919444 0.735000 0.125556 0.020000
0 0.169444 0.802500 0.132222 0.022500
0 0.419444 0.804375 0.114444 0.021250
0 0.668889 0.806875 0.091111 0.018750
0 0.919444 0.805625 0.110000 0.018750
0 0.168889 0.876250 0.117778 0.020000
0 0.419444 0.878750 0.103333 0.017500
0 0.669444 0.876875 0.130000 0.023750
0 0.919444 0.878125 0.121111 0.023750
0 0.168889 0.948750 0.106667 0.022500
0 0.419444 0.949375 0.130000 0.023750
0 0.668889 0.952500 0.148889 0.025000
0 0.918889 0.950625 0.111111 0.023750