0 0.169444 0.066875 0.112222 0.021250
0 0.419444 0.069375 0.107778 0.018750
0 0.668889 0.068750 0.113333 0.015000
0 0.919444 0.066250 0.143333 0.022500
0 0.168889 0.138125 0.113333 0.023750
0 0.419444 0.139375 0.118889 0.023750
0 0.668889 0.142500 0.126667 0.017500
0 0.919444 0.140000 0.130000 0.022500
0 0.168889 0.211875 0.093333 0.018750
0 0.418889 0.212500 0.093333 0.020000
0 0.669444 0.213125 0.130000 0.023750
0 0.919444 0.214375 0.110000 0.018750
0 0.169444 0.285625 0.118889 0.023750
0 0.419444 0.286250 0.112222 0.020000
0 0.668889 0.285625 0.133333 0.021250
0 0.919444 0.286875 0.130000 0.023750
0 0.168889 0.361250 0.091111 0.017500
0 0.418889 0.359375 0.093333 0.021250
0 0.669444 0.363125 0.118889 0.018750
0 0.918889 0.363750 0.131111 0.020000
0 0.169444 0.433750 0.143333 0.022500
0 0.419444 0.430625 0.130000 0.023750
0 0.669444 0.431875 0.158889 0.023750
0 0.919444 0.433125 0.098889 0.016250
0 0.169444 0.506875 0.121111 0.023750
0 0.419444 0.505625 0.107778 0.021250
0 0.669444 0.504375 0.118889 0.023750
0 0.919444 0.505625 0.112222 0.023750
0 0.169444 0.582500 0.132222 0.017500
0 0.419444 0.580000 0.130000 0.022500
0 0.668889 0.580000 0.097778 0.017500
0 0.918889 0.580000 0.144444 0.022500
0 0.169444 0.653125 0.103333 0.018750
0 0.419444 0.651250 0.143333 0.022500
0 0.668889 0.651250 0.111111 0.020000
0 0.918889 0.651875 0.115556 0.023750
0 0.169444 0.726875 0.121111 0.023750
0 0.418889 0.725000 0.115556 0.022500
0 0.668889 0.730000 0.142222 0.017500
0 0.919444 0.729375 0.121111 0.018750
0 0.169444 0.800625 0.123333 0.021250
0 0.418889 0.798750 0.157778 0.022500
0 0.669444 0.799375 0.112222 0.021250
0 0.919444 0.798750 0.143333 0.022500
0 0.169444 0.873750 0.136667 0.025000
0 0.418889 0.870625 0.131111 0.018750
0 0.669444 0.873750 0.123333 0.025000
0 0.918889 0.873750 0.106667 0.020000
0 0.168889 0.945000 0.120000 0.022500
0 0.419444 0.950000 0.150000 0.017500
0 0.669444 0.948125 0.114444 0.021250
0 0.918889 0.948750 0.133333 0.025000