0 0.168889 0.066875 0.115556 0.023750
0 0.418889 0.068750 0.117778 0.025000
0 0.668889 0.065000 0.146667 0.022500
0 0.918889 0.070625 0.133333 0.021250
0 0.168889 0.143750 0.124444 0.025000
0 0.419444 0.145000 0.118889 0.015000
0 0.669444 0.141875 0.092222 0.018750
0 0.918889 0.141875 0.144444 0.023750
0 0.169444 0.218750 0.114444 0.022500
0 0.418889 0.215625 0.120000 0.021250
0 0.669444 0.216875 0.130000 0.023750
0 0.918889 0.215625 0.120000 0.021250
0 0.169444 0.290000 0.143333 0.022500
0 0.419444 0.289375 0.101111 0.021250
0 0.668889 0.290000 0.120000 0.020000
0 0.919444 0.288750 0.132222 0.022500
0 0.169444 0.363125 0.150000 0.021250
0 0.419444 0.361875 0.081111 0.021250
0 0.668889 0.363750 0.102222 0.022500
0 0.918889 0.361250 0.106667 0.022500
0 0.168889 0.436250 0.117778 0.025000
0 0.419444 0.435000 0.130000 0.022500
0 0.669444 0.433750 0.118889 0.022500
0 0.918889 0.434375 0.113333 0.023750
0 0.169444 0.511250 0.130000 0.022500
0 0.419444 0.510000 0.092222 0.020000
0 0.669444 0.509375 0.130000 0.023750
0 0.919444 0.513750 0.125556 0.020000
0 0.169444 0.586250 0.123333 0.025000
0 0.418889 0.583750 0.120000 0.020000
0 0.669444 0.586250 0.143333 0.022500
0 0.919444 0.584375 0.130000 0.023750
0 0.168889 0.660625 0.113333 0.021250
0 0.419444 0.661875 0.116667 0.018750
0 0.669444 0.659375 0.130000 0.023750
0 0.918889 0.662500 0.135556 0.017500
0 0.168889 0.731250 0.120000 0.022500
0 0.419444 0.733750 0.130000 0.022500
0 0.668889 0.733125 0.115556 0.023750
0 0.919444 0.732500 0.152222 0.020000
0 0.169444 0.806875 0.130000 0.023750
0 0.419444 0.808750 0.096667 0.020000
0 0.669444 0.807500 0.125556 0.022500
0 0.919444 0.807500 0.134444 0.025000
0 0.168889 0.885625 0.113333 0.021250
0 0.419444 0.882500 0.130000 0.025000
0 0.668889 0.881250 0.117778 0.020000
0 0.919444 0.884375 0.118889 0.021250
0 0.169444 0.958750 0.110000 0.015000
0 0.419444 0.958750 0.081111 0.020000
0 0.669444 0.956875 0.130000 0.023750
0 0.918889 0.957500 0.097778 0.017500