0 0.168889 0.066875 0.086667 0.023750
0 0.418889 0.070000 0.151111 0.022500
0 0.668889 0.069375 0.128889 0.021250
0 0.918889 0.068750 0.128889 0.022500
0 0.169444 0.140625 0.114444 0.021250
0 0.418889 0.143125 0.106667 0.016250
0 0.669444 0.140000 0.143333 0.022500
0 0.919444 0.143125 0.118889 0.018750
0 0.168889 0.211250 0.133333 0.022500
0 0.419444 0.214375 0.136667 0.021250
0 0.669444 0.212500 0.152222 0.020000
0 0.918889 0.212500 0.120000 0.022500
0 0.169444 0.284375 0.123333 0.021250
0 0.418889 0.284375 0.124444 0.021250
0 0.669444 0.287500 0.123333 0.017500
0 0.919444 0.285625 0.130000 0.021250
0 0.169444 0.355625 0.130000 0.023750
0 0.419444 0.359375 0.118889 0.016250
0 0.668889 0.357500 0.140000 0.022500
0 0.919444 0.357500 0.116667 0.022500
0 0.169444 0.430000 0.130000 0.022500
0 0.418889 0.430625 0.115556 0.021250
0 0.669444 0.430625 0.130000 0.023750
0 0.919444 0.431875 0.130000 0.021250
0 0.169444 0.505625 0.136667 0.021250
0 0.419444 0.503750 0.130000 0.022500
0 0.669444 0.505000 0.096667 0.017500
0 0.918889 0.503125 0.115556 0.023750
0 0.169444 0.580000 0.125556 0.025000
0 0.419444 0.579375 0.103333 0.018750
0 0.669444 0.578750 0.130000 0.025000
0 0.919444 0.580625 0.127778 0.021250
0 0.169444 0.652500 0.138889 0.020000
0 0.418889 0.655625 0.106667 0.018750
0 0.668889 0.651250 0.137778 0.020000
0 0.919444 0.655625 0.105556 0.018750
0 0.169444 0.722500 0.118889 0.025000
0 0.419444 0.722500 0.141111 0.020000
0 0.668889 0.721875 0.113333 0.023750
0 0.919444 0.724375 0.130000 0.021250
0 0.169444 0.800625 0.118889 0.021250
0 0.418889 0.797500 0.115556 0.022500
0 0.668889 0.796875 0.097778 0.018750
0 0.918889 0.797500 0.111111 0.020000
0 0.169444 0.871250 0.083333 0.017500
0 0.418889 0.871875 0.111111 0.016250
0 0.668889 0.873750 0.126667 0.017500
0 0.918889 0.870625 0.115556 0.023750
0 0.169444 0.944375 0.143333 0.021250
0 0.419444 0.945000 0.118889 0.025000
0 0.669444 0.947500 0.145556 0.020000
0 0.919444 0.946875 0.123333 0.016250