0 0.169444 0.067500 0.130000 0.022500
0 0.418889 0.066250 0.157778 0.022500
0 0.668889 0.065625 0.097778 0.018750
0 0.918889 0.065625 0.120000 0.021250
0 0.169444 0.139375 0.114444 0.021250
0 0.418889 0.141250 0.133333 0.025000
0 0.668889 0.139375 0.144444 0.023750
0 0.918889 0.138750 0.120000 0.022500
0 0.169444 0.213125 0.125556 0.023750
0 0.418889 0.216250 0.117778 0.017500
0 0.669444 0.216875 0.107778 0.021250
0 0.919444 0.213125 0.138889 0.018750
0 0.168889 0.290000 0.131111 0.017500
0 0.419444 0.291250 0.125556 0.022500
0 0.668889 0.288125 0.144444 0.023750
0 0.918889 0.288125 0.144444 0.023750
0 0.169444 0.361875 0.158889 0.023750
0 0.418889 0.364375 0.113333 0.018750
0 0.668889 0.362500 0.144444 0.022500
0 0.918889 0.360000 0.124444 0.020000
0 0.168889 0.433750 0.106667 0.022500
0 0.418889 0.434375 0.131111 0.018750
0 0.669444 0.435000 0.143333 0.022500
0 0.918889 0.438125 0.126667 0.021250
0 0.169444 0.510000 0.103333 0.017500
0 0.418889 0.507500 0.115556 0.022500
0 0.668889 0.508125 0.144444 0.023750
0 0.918889 0.510625 0.113333 0.018750
0 0.168889 0.580625 0.133333 0.021250
0 0.418889 0.585625 0.137778 0.016250
0 0.668889 0.581250 0.128889 0.022500
0 0.919444 0.581250 0.130000 0.022500
0 0.168889 0.653750 0.131111 0.020000
0 0.418889 0.656250 0.122222 0.017500
0 0.668889 0.657500 0.111111 0.017500
0 0.918889 0.653750 0.133333 0.022500
0 0.169444 0.726250 0.130000 0.022500
0 0.419444 0.728125 0.101111 0.021250
0 0.668889 0.726250 0.093333 0.020000
0 0.919444 0.727500 0.125556 0.022500
0 0.169444 0.801250 0.121111 0.017500
0 0.418889 0.799375 0.102222 0.021250
0 0.669444 0.798750 0.130000 0.025000
0 0.919444 0.798125 0.145556 0.021250
0 0.168889 0.873750 0.128889 0.022500
0 0.418889 0.876250 0.140000 0.025000
0 0.669444 0.874375 0.130000 0.023750
0 0.919444 0.872500 0.118889 0.022500
0 0.169444 0.953125 0.125556 0.021250
0 0.418889 0.950625 0.100000 0.016250
0 0.669444 0.949375 0.130000 0.021250
0 0.919444 0.949375 0.121111 0.021250