0 0.169444 0.068125 0.114444 0.021250
0 0.419444 0.065625 0.125556 0.023750
0 0.668889 0.066250 0.157778 0.022500
0 0.918889 0.070000 0.133333 0.017500
0 0.169444 0.141250 0.114444 0.025000
0 0.418889 0.140000 0.120000 0.022500
0 0.668889 0.141875 0.111111 0.016250
0 0.919444 0.140625 0.116667 0.023750
0 0.169444 0.215625 0.150000 0.021250
0 0.418889 0.214375 0.097778 0.018750
0 0.668889 0.219375 0.113333 0.016250
0 0.919444 0.215625 0.158889 0.023750
0 0.169444 0.291250 0.105556 0.020000
0 0.418889 0.288750 0.120000 0.022500
0 0.668889 0.292500 0.126667 0.020000
0 0.918889 0.292500 0.117778 0.017500
0 0.168889 0.363125 0.111111 0.016250
0 0.419444 0.360625 0.130000 0.023750
0 0.668889 0.362500 0.091111 0.017500
0 0.919444 0.365000 0.121111 0.017500
0 0.169444 0.435000 0.092222 0.020000
0 0.419444 0.435625 0.112222 0.021250
0 0.668889 0.435625 0.122222 0.023750
0 0.918889 0.435000 0.120000 0.022500
0 0.168889 0.507500 0.120000 0.022500
0 0.418889 0.508750 0.128889 0.022500
0 0.669444 0.507500 0.118889 0.022500
0 0.919444 0.511250 0.114444 0.025000
0 0.168889 0.583125 0.120000 0.021250
0 0.418889 0.586250 0.113333 0.017500
0 0.668889 0.584375 0.144444 0.023750
0 0.918889 0.583125 0.120000 0.021250
0 0.169444 0.658750 0.118889 0.025000
0 0.418889 0.657500 0.120000 0.022500
0 0.669444 0.660000 0.125556 0.025000
0 0.918889 0.661250 0.135556 0.017500
0 0.169444 0.733125 0.116667 0.023750
0 0.419444 0.732500 0.143333 0.022500
0 0.669444 0.734375 0.110000 0.018750
0 0.919444 0.735625 0.112222 0.018750
0 0.168889 0.808125 0.113333 0.016250
0 0.418889 0.805625 0.133333 0.021250
0 0.668889 0.806250 0.157778 0.022500
0 0.918889 0.805000 0.120000 0.022500
0 0.168889 0.882500 0.140000 0.020000
0 0.418889 0.882500 0.120000 0.020000
0 0.669444 0.880000 0.116667 0.022500
0 0.919444 0.879375 0.096667 0.023750
0 0.168889 0.956875 0.106667 0.021250
0 0.418889 0.955000 0.124444 0.025000
0 0.668889 0.951875 0.120000 0.021250
0 0.919444 0.951875 0.092222 0.018750