0 0.168889 0.070000 0.108889 0.017500
0 0.418889 0.065625 0.120000 0.021250
0 0.669444 0.070625 0.132222 0.021250
0 0.918889 0.065000 0.093333 0.022500
0 0.168889 0.137500 0.106667 0.022500
0 0.418889 0.140000 0.111111 0.022500
0 0.668889 0.138125 0.120000 0.021250
0 0.919444 0.138125 0.145556 0.021250
0 0.168889 0.211250 0.157778 0.022500
0 0.419444 0.212500 0.096667 0.017500
0 0.668889 0.210000 0.120000 0.022500
0 0.918889 0.211875 0.144444 0.023750
0 0.168889 0.285000 0.128889 0.022500
0 0.418889 0.288125 0.120000 0.021250
0 0.668889 0.283750 0.120000 0.022500
0 0.918889 0.284375 0.120000 0.021250
0 0.169444 0.356875 0.118889 0.023750
0 0.419444 0.356875 0.138889 0.018750
0 0.669444 0.356875 0.130000 0.023750
0 0.918889 0.360000 0.124444 0.025000
0 0.168889 0.431250 0.120000 0.022500
0 0.418889 0.432500 0.120000 0.022500
0 0.668889 0.436250 0.106667 0.015000
0 0.919444 0.436250 0.121111 0.017500
0 0.168889 0.503750 0.106667 0.022500
0 0.419444 0.506875 0.114444 0.021250
0 0.668889 0.508750 0.135556 0.017500
0 0.919444 0.506250 0.130000 0.025000
0 0.169444 0.581875 0.114444 0.021250
0 0.419444 0.580000 0.141111 0.022500
0 0.669444 0.580625 0.107778 0.023750
0 0.918889 0.580625 0.128889 0.023750
0 0.169444 0.654375 0.081111 0.021250
0 0.419444 0.655000 0.130000 0.025000
0 0.668889 0.654375 0.126667 0.021250
0 0.919444 0.655625 0.130000 0.021250
0 0.168889 0.727500 0.106667 0.022500
0 0.419444 0.730000 0.158889 0.025000
0 0.669444 0.731250 0.110000 0.017500
0 0.919444 0.731875 0.103333 0.018750
0 0.169444 0.806250 0.114444 0.025000
0 0.418889 0.802500 0.120000 0.022500
0 0.669444 0.805000 0.130000 0.025000
0 0.918889 0.803750 0.131111 0.020000
0 0.169444 0.879375 0.101111 0.021250
0 0.419444 0.879375 0.130000 0.023750
0 0.669444 0.878125 0.101111 0.021250
0 0.918889 0.878125 0.120000 0.021250
0 0.168889 0.953750 0.117778 0.025000
0 0.419444 0.954375 0.114444 0.021250
0 0.669444 0.955000 0.123333 0.017500
0 0.919444 0.954375 0.114444 0.021250