0 0.168889 0.066250 0.120000 0.022500
0 0.419444 0.069375 0.123333 0.016250
0 0.669444 0.066875 0.158889 0.023750
0 0.918889 0.066250 0.157778 0.022500
0 0.169444 0.138750 0.105556 0.022500
0 0.418889 0.138750 0.106667 0.022500
0 0.668889 0.138750 0.133333 0.022500
0 0.919444 0.141250 0.118889 0.025000
0 0.168889 0.218750 0.151111 0.022500
0 0.419444 0.219375 0.118889 0.018750
0 0.669444 0.218125 0.121111 0.016250
0 0.918889 0.213750 0.106667 0.022500
0 0.169444 0.287500 0.141111 0.022500
0 0.419444 0.287500 0.130000 0.025000
0 0.668889 0.290000 0.137778 0.017500
0 0.919444 0.290000 0.107778 0.017500
0 0.169444 0.363125 0.130000 0.023750
0 0.418889 0.365000 0.113333 0.020000
0 0.669444 0.365000 0.125556 0.025000
0 0.918889 0.364375 0.095556 0.018750
0 0.169444 0.439375 0.121111 0.023750
0 0.418889 0.440000 0.133333 0.025000
0 0.668889 0.438125 0.144444 0.023750
0 0.918889 0.440000 0.106667 0.017500
0 0.169444 0.512500 0.143333 0.022500
0 0.418889 0.513750 0.115556 0.022500
0 0.668889 0.511250 0.106667 0.022500
0 0.918889 0.512500 0.128889 0.022500
0 0.169444 0.588750 0.141111 0.017500
0 0.418889 0.585625 0.113333 0.023750
0 0.668889 0.584375 0.146667 0.021250
0 0.919444 0.588750 0.132222 0.022500
0 0.168889 0.661875 0.128889 0.021250
0 0.418889 0.657500 0.133333 0.022500
0 0.669444 0.663125 0.141111 0.018750
0 0.918889 0.658750 0.120000 0.022500
0 0.168889 0.732500 0.144444 0.025000
0 0.418889 0.734375 0.131111 0.018750
0 0.668889 0.731875 0.157778 0.023750
0 0.918889 0.732500 0.104444 0.017500
0 0.169444 0.809375 0.103333 0.016250
0 0.418889 0.806875 0.144444 0.023750
0 0.668889 0.805000 0.106667 0.022500
0 0.919444 0.808750 0.123333 0.017500
0 0.168889 0.880000 0.106667 0.022500
0 0.419444 0.882500 0.121111 0.017500
0 0.668889 0.882500 0.120000 0.025000
0 0.919444 0.882500 0.143333 0.022500
0 0.169444 0.956875 0.136667 0.021250
0 0.419444 0.954375 0.118889 0.023750
0 0.668889 0.955625 0.144444 0.023750
0 0.919444 0.955000 0.143333 0.022500