0 0.169444 0.070625 0.134444 0.021250
0 0.418889 0.068750 0.106667 0.020000
0 0.668889 0.067500 0.104444 0.017500
0 0.919444 0.070000 0.143333 0.020000
0 0.169444 0.140000 0.121111 0.017500
0 0.419444 0.140000 0.101111 0.017500
0 0.668889 0.138125 0.144444 0.023750
0 0.918889 0.139375 0.111111 0.016250
0 0.169444 0.210000 0.118889 0.022500
0 0.419444 0.213125 0.110000 0.023750
0 0.669444 0.211875 0.130000 0.023750
0 0.919444 0.211875 0.130000 0.021250
0 0.169444 0.288750 0.107778 0.017500
0 0.418889 0.287500 0.128889 0.022500
0 0.669444 0.289375 0.147778 0.018750
0 0.918889 0.284375 0.133333 0.021250
0 0.169444 0.358125 0.112222 0.021250
0 0.418889 0.361875 0.133333 0.021250
0 0.668889 0.358750 0.097778 0.017500
0 0.919444 0.361250 0.127778 0.020000
0 0.169444 0.429375 0.125556 0.026250
0 0.419444 0.428750 0.143333 0.022500
0 0.669444 0.428750 0.130000 0.022500
0 0.918889 0.428125 0.088889 0.018750
0 0.168889 0.507500 0.100000 0.022500
0 0.419444 0.505000 0.130000 0.025000
0 0.668889 0.508125 0.106667 0.018750
0 0.919444 0.507500 0.107778 0.020000
0 0.169444 0.580000 0.081111 0.020000
0 0.419444 0.580625 0.130000 0.023750
0 0.669444 0.580000 0.130000 0.022500
0 0.918889 0.580000 0.157778 0.022500
0 0.169444 0.656875 0.118889 0.021250
0 0.418889 0.653750 0.133333 0.022500
0 0.668889 0.653125 0.137778 0.021250
0 0.919444 0.652500 0.105556 0.022500
0 0.168889 0.725625 0.120000 0.021250
0 0.419444 0.726875 0.130000 0.023750
0 0.669444 0.728750 0.116667 0.017500
0 0.918889 0.726875 0.102222 0.021250
0 0.169444 0.800625 0.134444 0.023750
0 0.419444 0.800000 0.130000 0.022500
0 0.669444 0.800625 0.130000 0.023750
0 0.919444 0.800000 0.101111 0.020000
0 0.169444 0.874375 0.158889 0.023750
0 0.419444 0.874375 0.130000 0.023750
0 0.668889 0.872500 0.133333 0.022500
0 0.919444 0.873750 0.130000 0.022500
0 0.168889 0.946875 0.120000 0.021250
0 0.419444 0.948125 0.116667 0.023750
0 0.668889 0.946875 0.117778 0.018750
0 0.918889 0.946250 0.120000 0.022500