0 0.169444 0.070000 0.107778 0.017500
0 0.418889 0.066875 0.115556 0.023750
0 0.669444 0.068125 0.114444 0.021250
0 0.919444 0.066875 0.130000 0.023750
0 0.168889 0.140625 0.144444 0.023750
0 0.419444 0.139375 0.145556 0.021250
0 0.669444 0.141250 0.116667 0.022500
0 0.918889 0.145000 0.140000 0.017500
0 0.169444 0.213750 0.123333 0.020000
0 0.418889 0.213750 0.128889 0.022500
0 0.668889 0.213125 0.120000 0.021250
0 0.919444 0.216250 0.118889 0.022500
0 0.169444 0.288750 0.105556 0.020000
0 0.419444 0.290000 0.143333 0.020000
0 0.668889 0.288750 0.128889 0.022500
0 0.918889 0.286250 0.128889 0.022500
0 0.168889 0.360625 0.111111 0.016250
0 0.419444 0.359375 0.092222 0.023750
0 0.669444 0.361875 0.098889 0.018750
0 0.918889 0.359375 0.144444 0.023750
0 0.169444 0.436250 0.118889 0.020000
0 0.419444 0.435000 0.121111 0.017500
0 0.669444 0.431875 0.101111 0.018750
0 0.919444 0.435625 0.127778 0.021250
0 0.169444 0.506875 0.127778 0.021250
0 0.419444 0.503125 0.118889 0.023750
0 0.668889 0.503750 0.120000 0.022500
0 0.918889 0.506875 0.126667 0.018750
0 0.168889 0.578750 0.108889 0.025000
0 0.418889 0.578125 0.106667 0.023750
0 0.668889 0.577500 0.120000 0.020000
0 0.919444 0.580625 0.121111 0.016250
0 0.168889 0.653125 0.115556 0.023750
0 0.418889 0.651250 0.106667 0.022500
0 0.668889 0.655625 0.131111 0.018750
0 0.919444 0.655625 0.118889 0.021250
0 0.168889 0.726250 0.120000 0.022500
0 0.419444 0.726250 0.118889 0.025000
0 0.669444 0.728125 0.103333 0.018750
0 0.918889 0.729375 0.128889 0.021250
0 0.168889 0.800625 0.120000 0.021250
0 0.419444 0.805625 0.136667 0.018750
0 0.668889 0.800625 0.133333 0.021250
0 0.919444 0.805000 0.134444 0.022500
0 0.169444 0.873750 0.101111 0.020000
0 0.418889 0.873125 0.133333 0.021250
0 0.668889 0.872500 0.120000 0.022500
0 0.918889 0.875625 0.146667 0.023750
0 0.168889 0.948750 0.084444 0.017500
0 0.418889 0.948125 0.144444 0.023750
0 0.668889 0.946250 0.106667 0.022500
0 0.919444 0.946875 0.130000 0.023750