0 0.169444 0.068125 0.121111 0.016250
0 0.419444 0.065625 0.130000 0.023750
0 0.669444 0.069375 0.121111 0.018750
0 0.919444 0.066875 0.114444 0.021250
0 0.169444 0.142500 0.123333 0.017500
0 0.419444 0.140625 0.130000 0.023750
0 0.668889 0.140000 0.157778 0.022500
0 0.918889 0.142500 0.111111 0.015000
0 0.169444 0.213750 0.130000 0.025000
0 0.418889 0.213125 0.146667 0.021250
0 0.668889 0.215625 0.113333 0.016250
0 0.918889 0.217500 0.133333 0.017500
0 0.169444 0.290625 0.121111 0.023750
0 0.418889 0.287500 0.106667 0.022500
0 0.668889 0.290625 0.111111 0.016250
0 0.918889 0.288125 0.106667 0.021250
0 0.168889 0.363125 0.113333 0.023750
0 0.419444 0.363750 0.130000 0.025000
0 0.668889 0.366250 0.120000 0.020000
0 0.919444 0.362500 0.125556 0.020000
0 0.168889 0.441875 0.133333 0.021250
0 0.418889 0.437500 0.120000 0.022500
0 0.668889 0.436875 0.120000 0.021250
0 0.918889 0.440625 0.122222 0.018750
0 0.169444 0.514375 0.130000 0.018750
0 0.418889 0.509375 0.120000 0.021250
0 0.669444 0.510625 0.141111 0.021250
0 0.919444 0.513750 0.130000 0.017500
0 0.168889 0.581875 0.144444 0.023750
0 0.419444 0.583125 0.123333 0.021250
0 0.669444 0.581875 0.158889 0.023750
0 0.918889 0.580000 0.120000 0.022500
0 0.169444 0.655000 0.118889 0.025000
0 0.418889 0.658750 0.124444 0.017500
0 0.669444 0.658125 0.114444 0.018750
0 0.918889 0.654375 0.140000 0.021250
0 0.168889 0.731250 0.111111 0.022500
0 0.419444 0.731250 0.116667 0.022500
0 0.669444 0.733750 0.125556 0.020000
0 0.918889 0.730000 0.115556 0.025000
0 0.168889 0.808750 0.124444 0.017500
0 0.419444 0.809375 0.134444 0.021250
0 0.669444 0.806875 0.114444 0.021250
0 0.918889 0.804375 0.120000 0.021250
0 0.169444 0.875000 0.092222 0.022500
0 0.419444 0.876875 0.143333 0.023750
0 0.669444 0.879375 0.121111 0.016250
0 0.919444 0.878125 0.110000 0.016250
0 0.169444 0.952500 0.107778 0.020000
0 0.418889 0.949375 0.133333 0.021250
0 0.668889 0.951250 0.113333 0.025000
0 0.918889 0.950000 0.120000 0.020000