0 0.169444 0.068750 0.105556 0.025000
0 0.418889 0.066250 0.115556 0.022500
0 0.669444 0.068125 0.110000 0.021250
0 0.918889 0.066250 0.133333 0.022500
0 0.168889 0.141250 0.111111 0.020000
0 0.418889 0.140625 0.146667 0.021250
0 0.669444 0.142500 0.130000 0.025000
0 0.919444 0.140000 0.118889 0.022500
0 0.169444 0.216250 0.130000 0.022500
0 0.419444 0.218750 0.125556 0.025000
0 0.668889 0.221250 0.113333 0.017500
0 0.919444 0.215000 0.132222 0.022500
0 0.169444 0.292500 0.134444 0.025000
0 0.419444 0.291250 0.101111 0.022500
0 0.668889 0.295000 0.133333 0.017500
0 0.919444 0.295625 0.134444 0.021250
0 0.169444 0.366250 0.141111 0.022500
0 0.419444 0.366875 0.141111 0.021250
0 0.668889 0.367500 0.113333 0.025000
0 0.919444 0.369375 0.118889 0.021250
0 0.169444 0.443750 0.118889 0.022500
0 0.418889 0.443125 0.095556 0.018750
0 0.668889 0.441250 0.120000 0.022500
0 0.919444 0.440625 0.141111 0.021250
0 0.169444 0.518750 0.114444 0.017500
0 0.418889 0.516875 0.120000 0.021250
0 0.668889 0.516250 0.113333 0.017500
0 0.918889 0.516250 0.106667 0.017500
0 0.168889 0.584375 0.120000 0.021250
0 0.418889 0.589375 0.131111 0.018750
0 0.669444 0.585625 0.130000 0.023750
0 0.918889 0.586875 0.113333 0.016250
0 0.169444 0.663125 0.123333 0.018750
0 0.419444 0.661875 0.118889 0.016250
0 0.669444 0.658125 0.130000 0.023750
0 0.918889 0.661250 0.126667 0.017500
0 0.168889 0.731250 0.133333 0.022500
0 0.419444 0.732500 0.143333 0.022500
0 0.669444 0.732500 0.141111 0.022500
0 0.919444 0.732500 0.130000 0.022500
0 0.169444 0.805625 0.141111 0.021250
0 0.418889 0.805625 0.113333 0.023750
0 0.668889 0.807500 0.111111 0.017500
0 0.919444 0.806250 0.130000 0.025000
0 0.169444 0.880625 0.130000 0.023750
0 0.418889 0.882500 0.113333 0.017500
0 0.669444 0.883750 0.125556 0.020000
0 0.918889 0.880000 0.157778 0.022500
0 0.168889 0.955000 0.115556 0.022500
0 0.418889 0.954375 0.113333 0.023750
0 0.669444 0.955625 0.114444 0.021250
0 0.918889 0.952500 0.106667 0.022500