0 0.168889 0.066250 0.146667 0.022500
0 0.419444 0.066250 0.130000 0.022500
0 0.669444 0.066875 0.143333 0.021250
0 0.919444 0.070000 0.112222 0.017500
0 0.168889 0.138125 0.120000 0.021250
0 0.418889 0.139375 0.128889 0.023750
0 0.668889 0.142500 0.108889 0.017500
0 0.919444 0.139375 0.121111 0.021250
0 0.169444 0.215000 0.123333 0.017500
0 0.419444 0.217500 0.125556 0.017500
0 0.668889 0.212500 0.120000 0.020000
0 0.918889 0.211250 0.120000 0.022500
0 0.169444 0.285000 0.092222 0.020000
0 0.418889 0.284375 0.137778 0.021250
0 0.669444 0.284375 0.132222 0.021250
0 0.918889 0.284375 0.113333 0.023750
0 0.169444 0.358750 0.130000 0.022500
0 0.419444 0.359375 0.118889 0.023750
0 0.668889 0.361250 0.128889 0.025000
0 0.918889 0.360000 0.144444 0.022500
0 0.169444 0.433750 0.143333 0.022500
0 0.418889 0.438125 0.133333 0.021250
0 0.669444 0.433750 0.085556 0.020000
0 0.919444 0.434375 0.112222 0.021250
0 0.169444 0.506875 0.158889 0.023750
0 0.418889 0.509375 0.122222 0.018750
0 0.668889 0.505625 0.133333 0.021250
0 0.919444 0.507500 0.158889 0.022500
0 0.169444 0.582500 0.107778 0.017500
0 0.419444 0.583750 0.121111 0.017500
0 0.669444 0.580625 0.130000 0.023750
0 0.918889 0.580625 0.093333 0.023750
0 0.169444 0.656250 0.118889 0.022500
0 0.418889 0.654375 0.115556 0.023750
0 0.669444 0.654375 0.118889 0.023750
0 0.918889 0.653125 0.133333 0.021250
0 0.169444 0.730000 0.094444 0.020000
0 0.418889 0.730625 0.113333 0.016250
0 0.668889 0.726875 0.146667 0.021250
0 0.918889 0.726875 0.115556 0.023750
0 0.169444 0.801250 0.143333 0.022500
0 0.418889 0.801250 0.128889 0.022500
0 0.668889 0.801250 0.111111 0.020000
0 0.919444 0.801250 0.123333 0.020000
0 0.169444 0.873750 0.123333 0.020000
0 0.418889 0.874375 0.140000 0.023750
0 0.668889 0.876250 0.142222 0.025000
0 0.919444 0.875625 0.114444 0.021250
0 0.168889 0.951250 0.113333 0.020000
0 0.419444 0.950000 0.130000 0.022500
0 0.669444 0.951875 0.121111 0.021250
0 0.919444 0.952500 0.125556 0.020000