0 0.169444 0.068125 0.114444 0.021250
0 0.419444 0.065625 0.158889 0.021250
0 0.668889 0.069375 0.111111 0.016250
0 0.919444 0.066875 0.116667 0.023750
0 0.169444 0.138750 0.118889 0.022500
0 0.419444 0.140000 0.143333 0.022500
0 0.669444 0.140000 0.150000 0.020000
0 0.918889 0.139375 0.133333 0.021250
0 0.168889 0.215000 0.128889 0.022500
0 0.419444 0.213750 0.125556 0.022500
0 0.668889 0.212500 0.120000 0.022500
0 0.919444 0.211250 0.136667 0.020000
0 0.168889 0.287500 0.113333 0.020000
0 0.418889 0.285000 0.157778 0.022500
0 0.669444 0.284375 0.130000 0.023750
0 0.918889 0.284375 0.097778 0.018750
0 0.168889 0.361250 0.120000 0.025000
0 0.418889 0.360000 0.102222 0.022500
0 0.669444 0.360000 0.130000 0.022500
0 0.919444 0.357500 0.118889 0.022500
0 0.169444 0.434375 0.112222 0.021250
0 0.419444 0.433125 0.105556 0.023750
0 0.669444 0.434375 0.112222 0.021250
0 0.918889 0.433125 0.120000 0.021250
0 0.168889 0.506250 0.120000 0.022500
0 0.418889 0.506875 0.113333 0.021250
0 0.668889 0.506875 0.106667 0.021250
0 0.918889 0.508125 0.140000 0.023750
0 0.168889 0.580000 0.146667 0.022500
0 0.418889 0.583125 0.111111 0.016250
0 0.668889 0.581250 0.157778 0.022500
0 0.918889 0.585625 0.151111 0.021250
0 0.169444 0.658125 0.134444 0.021250
0 0.418889 0.654375 0.144444 0.023750
0 0.669444 0.654375 0.112222 0.021250
0 0.919444 0.656250 0.123333 0.017500
0 0.168889 0.726250 0.120000 0.022500
0 0.418889 0.728125 0.097778 0.018750
0 0.668889 0.730000 0.108889 0.025000
0 0.919444 0.726875 0.130000 0.023750
0 0.169444 0.802500 0.130000 0.025000
0 0.418889 0.802500 0.120000 0.022500
0 0.669444 0.805625 0.121111 0.018750
0 0.918889 0.801875 0.113333 0.021250
0 0.168889 0.876250 0.120000 0.022500
0 0.418889 0.877500 0.128889 0.022500
0 0.669444 0.878125 0.130000 0.023750
0 0.918889 0.880000 0.128889 0.017500
0 0.169444 0.951875 0.130000 0.021250
0 0.419444 0.953750 0.114444 0.022500
0 0.668889 0.953750 0.142222 0.025000
0 0.918889 0.951875 0.144444 0.023750