0 0.168889 0.068750 0.124444 0.017500
0 0.418889 0.067500 0.104444 0.017500
0 0.669444 0.068125 0.121111 0.023750
0 0.919444 0.066875 0.130000 0.023750
0 0.168889 0.141875 0.111111 0.016250
0 0.419444 0.140625 0.150000 0.021250
0 0.669444 0.143750 0.134444 0.017500
0 0.918889 0.140000 0.157778 0.022500
0 0.169444 0.211875 0.138889 0.018750
0 0.418889 0.211875 0.133333 0.021250
0 0.668889 0.215000 0.133333 0.025000
0 0.919444 0.212500 0.143333 0.022500
0 0.168889 0.288750 0.102222 0.022500
0 0.419444 0.287500 0.130000 0.022500
0 0.669444 0.288125 0.150000 0.021250
0 0.919444 0.288125 0.130000 0.023750
0 0.168889 0.361250 0.128889 0.022500
0 0.419444 0.363125 0.130000 0.021250
0 0.669444 0.363125 0.114444 0.021250
0 0.919444 0.361875 0.130000 0.023750
0 0.169444 0.438750 0.125556 0.020000
0 0.418889 0.434375 0.146667 0.021250
0 0.668889 0.439375 0.151111 0.021250
0 0.919444 0.435000 0.141111 0.022500
0 0.168889 0.508125 0.113333 0.023750
0 0.419444 0.507500 0.130000 0.022500
0 0.668889 0.508125 0.144444 0.023750
0 0.919444 0.511875 0.134444 0.021250
0 0.168889 0.583750 0.117778 0.025000
0 0.418889 0.581250 0.115556 0.025000
0 0.668889 0.581875 0.144444 0.023750
0 0.919444 0.581250 0.141111 0.022500
0 0.168889 0.656250 0.128889 0.022500
0 0.418889 0.658750 0.100000 0.015000
0 0.668889 0.658750 0.095556 0.017500
0 0.919444 0.655625 0.125556 0.023750
0 0.168889 0.730000 0.157778 0.022500
0 0.419444 0.729375 0.130000 0.023750
0 0.668889 0.729375 0.111111 0.023750
0 0.918889 0.729375 0.115556 0.023750
0 0.168889 0.806875 0.106667 0.018750
0 0.419444 0.805625 0.114444 0.021250
0 0.668889 0.804375 0.144444 0.023750
0 0.918889 0.805000 0.144444 0.022500
0 0.169444 0.878750 0.116667 0.022500
0 0.418889 0.879375 0.131111 0.023750
0 0.669444 0.876875 0.130000 0.023750
0 0.918889 0.876875 0.113333 0.021250
0 0.169444 0.950625 0.118889 0.023750
0 0.418889 0.950625 0.133333 0.021250
0 0.669444 0.951875 0.121111 0.021250
0 0.919444 0.953750 0.107778 0.022500