0 0.169444 0.070000 0.125556 0.017500
0 0.418889 0.065000 0.120000 0.022500
0 0.669444 0.070000 0.116667 0.017500
0 0.918889 0.069375 0.120000 0.021250
0 0.169444 0.138125 0.125556 0.023750
0 0.418889 0.138125 0.113333 0.021250
0 0.669444 0.138750 0.118889 0.025000
0 0.919444 0.137500 0.118889 0.022500
0 0.169444 0.215625 0.121111 0.016250
0 0.419444 0.216875 0.127778 0.021250
0 0.668889 0.212500 0.120000 0.022500
0 0.918889 0.216250 0.111111 0.017500
0 0.169444 0.285625 0.118889 0.023750
0 0.418889 0.285000 0.120000 0.022500
0 0.668889 0.286250 0.111111 0.020000
0 0.918889 0.288125 0.111111 0.016250
0 0.168889 0.363750 0.126667 0.020000
0 0.419444 0.361875 0.123333 0.021250
0 0.669444 0.360000 0.143333 0.022500
0 0.919444 0.359375 0.118889 0.023750
0 0.169444 0.437500 0.114444 0.020000
0 0.419444 0.432500 0.118889 0.022500
0 0.669444 0.433750 0.130000 0.022500
0 0.918889 0.433125 0.120000 0.021250
0 0.169444 0.506875 0.130000 0.021250
0 0.419444 0.506250 0.101111 0.022500
0 0.669444 0.506875 0.112222 0.021250
0 0.918889 0.505625 0.113333 0.023750
0 0.168889 0.579375 0.111111 0.023750
0 0.418889 0.578750 0.133333 0.022500
0 0.669444 0.580000 0.130000 0.025000
0 0.918889 0.579375 0.120000 0.021250
0 0.169444 0.655625 0.143333 0.021250
0 0.419444 0.654375 0.125556 0.021250
0 0.669444 0.658750 0.145556 0.020000
0 0.918889 0.655000 0.128889 0.022500
0 0.169444 0.731250 0.118889 0.020000
0 0.419444 0.726250 0.105556 0.022500
0 0.669444 0.731250 0.101111 0.020000
0 0.918889 0.726875 0.115556 0.023750
0 0.169444 0.801875 0.130000 0.023750
0 0.419444 0.801875 0.158889 0.023750
0 0.668889 0.800625 0.097778 0.018750
0 0.919444 0.801250 0.143333 0.022500
0 0.168889 0.875625 0.115556 0.023750
0 0.419444 0.876875 0.103333 0.018750
0 0.668889 0.878125 0.106667 0.018750
0 0.919444 0.875625 0.112222 0.021250
0 0.168889 0.951250 0.126667 0.017500
0 0.418889 0.949375 0.093333 0.021250
0 0.668889 0.952500 0.128889 0.020000
0 0.918889 0.952500 0.120000 0.017500