0 0.169444 0.068125 0.123333 0.021250
0 0.419444 0.066250 0.141111 0.022500
0 0.669444 0.068750 0.123333 0.025000
0 0.918889 0.066250 0.117778 0.020000
0 0.169444 0.144375 0.130000 0.016250
0 0.418889 0.140625 0.120000 0.021250
0 0.669444 0.143125 0.130000 0.021250
0 0.918889 0.141250 0.120000 0.022500
0 0.169444 0.213750 0.130000 0.022500
0 0.419444 0.216875 0.123333 0.016250
0 0.669444 0.213750 0.130000 0.022500
0 0.919444 0.214375 0.130000 0.023750
0 0.169444 0.291250 0.118889 0.017500
0 0.418889 0.288125 0.164444 0.021250
0 0.669444 0.286250 0.123333 0.020000
0 0.918889 0.290000 0.133333 0.025000
0 0.169444 0.363125 0.130000 0.023750
0 0.419444 0.362500 0.143333 0.022500
0 0.668889 0.363125 0.111111 0.023750
0 0.918889 0.363125 0.095556 0.023750
0 0.169444 0.437500 0.116667 0.022500
0 0.419444 0.437500 0.103333 0.025000
0 0.669444 0.435625 0.125556 0.023750
0 0.919444 0.436250 0.130000 0.022500
0 0.169444 0.512500 0.114444 0.025000
0 0.418889 0.511875 0.128889 0.021250
0 0.668889 0.511875 0.144444 0.023750
0 0.919444 0.512500 0.158889 0.022500
0 0.168889 0.588750 0.117778 0.025000
0 0.418889 0.585625 0.137778 0.021250
0 0.668889 0.589375 0.120000 0.018750
0 0.919444 0.586250 0.150000 0.022500
0 0.169444 0.661250 0.143333 0.022500
0 0.419444 0.661875 0.098889 0.021250
0 0.668889 0.660000 0.120000 0.022500
0 0.918889 0.663750 0.120000 0.017500
0 0.168889 0.733750 0.097778 0.020000
0 0.419444 0.734375 0.130000 0.021250
0 0.668889 0.733125 0.120000 0.021250
0 0.919444 0.732500 0.101111 0.020000
0 0.168889 0.804375 0.140000 0.021250
0 0.418889 0.805000 0.128889 0.022500
0 0.668889 0.808125 0.126667 0.016250
0 0.918889 0.807500 0.124444 0.017500
0 0.168889 0.879375 0.113333 0.016250
0 0.418889 0.878125 0.144444 0.023750
0 0.668889 0.880000 0.133333 0.025000
0 0.918889 0.876875 0.133333 0.021250
0 0.169444 0.952500 0.143333 0.022500
0 0.418889 0.952500 0.120000 0.022500
0 0.669444 0.954375 0.101111 0.018750
0 0.918889 0.955625 0.120000 0.016250