0 0.168889 0.070000 0.133333 0.022500
0 0.419444 0.066250 0.143333 0.022500
0 0.669444 0.066250 0.130000 0.025000
0 0.919444 0.066250 0.150000 0.022500
0 0.169444 0.145000 0.103333 0.020000
0 0.418889 0.140625 0.120000 0.021250
0 0.669444 0.143750 0.118889 0.022500
0 0.918889 0.141250 0.093333 0.020000
0 0.169444 0.215000 0.096667 0.017500
0 0.419444 0.215625 0.130000 0.021250
0 0.669444 0.214375 0.125556 0.026250
0 0.919444 0.216250 0.121111 0.017500
0 0.169444 0.290625 0.130000 0.023750
0 0.419444 0.292500 0.123333 0.017500
0 0.668889 0.289375 0.120000 0.021250
0 0.918889 0.288750 0.144444 0.020000
0 0.169444 0.363750 0.143333 0.022500
0 0.418889 0.367500 0.133333 0.022500
0 0.669444 0.363750 0.130000 0.022500
0 0.918889 0.362500 0.120000 0.022500
0 0.169444 0.436250 0.130000 0.025000
0 0.418889 0.436250 0.128889 0.022500
0 0.669444 0.440625 0.143333 0.018750
0 0.918889 0.438750 0.106667 0.017500
0 0.169444 0.511250 0.141111 0.022500
0 0.419444 0.513750 0.123333 0.025000
0 0.669444 0.511250 0.150000 0.020000
0 0.918889 0.510625 0.146667 0.021250
0 0.168889 0.586250 0.131111 0.020000
0 0.418889 0.589375 0.113333 0.018750
0 0.669444 0.588750 0.103333 0.020000
0 0.918889 0.585625 0.133333 0.021250
0 0.168889 0.660000 0.124444 0.025000
0 0.419444 0.657500 0.143333 0.022500
0 0.669444 0.657500 0.130000 0.022500
0 0.919444 0.656250 0.132222 0.022500
0 0.168889 0.736250 0.133333 0.017500
0 0.418889 0.732500 0.115556 0.022500
0 0.669444 0.735625 0.143333 0.021250
0 0.918889 0.735000 0.108889 0.017500
0 0.169444 0.805625 0.130000 0.021250
0 0.419444 0.808750 0.125556 0.020000
0 0.669444 0.805000 0.092222 0.017500
0 0.919444 0.806875 0.121111 0.023750
0 0.169444 0.878750 0.130000 0.022500
0 0.419444 0.878750 0.130000 0.022500
0 0.668889 0.878750 0.106667 0.022500
0 0.919444 0.881250 0.121111 0.017500
0 0.169444 0.952500 0.130000 0.022500
0 0.418889 0.952500 0.144444 0.025000
0 0.668889 0.950625 0.133333 0.021250
0 0.919444 0.954375 0.121111 0.016250