0 0.169444 0.068125 0.110000 0.018750
0 0.419444 0.069375 0.118889 0.021250
0 0.668889 0.068750 0.100000 0.022500
0 0.918889 0.066250 0.128889 0.022500
0 0.169444 0.138750 0.118889 0.025000
0 0.418889 0.139375 0.144444 0.023750
0 0.668889 0.141250 0.117778 0.025000
0 0.918889 0.141875 0.100000 0.018750
0 0.168889 0.216875 0.120000 0.021250
0 0.419444 0.213750 0.130000 0.025000
0 0.668889 0.213125 0.133333 0.021250
0 0.918889 0.215000 0.144444 0.022500
0 0.169444 0.288125 0.138889 0.021250
0 0.418889 0.288125 0.113333 0.021250
0 0.668889 0.288125 0.133333 0.021250
0 0.919444 0.292500 0.112222 0.017500
0 0.169444 0.361875 0.110000 0.021250
0 0.418889 0.363750 0.122222 0.017500
0 0.669444 0.360000 0.150000 0.020000
0 0.918889 0.361250 0.097778 0.017500
0 0.168889 0.433750 0.133333 0.025000
0 0.418889 0.435625 0.124444 0.018750
0 0.669444 0.431250 0.118889 0.025000
0 0.918889 0.430000 0.133333 0.022500
0 0.168889 0.505625 0.106667 0.021250
0 0.418889 0.505000 0.120000 0.022500
0 0.668889 0.508750 0.104444 0.020000
0 0.919444 0.506250 0.101111 0.020000
0 0.168889 0.578125 0.133333 0.021250
0 0.418889 0.578125 0.100000 0.021250
0 0.668889 0.580625 0.115556 0.021250
0 0.918889 0.578125 0.146667 0.021250
0 0.169444 0.653125 0.127778 0.021250
0 0.418889 0.650625 0.144444 0.023750
0 0.668889 0.649375 0.133333 0.021250
0 0.918889 0.649375 0.120000 0.021250
0 0.169444 0.727500 0.125556 0.020000
0 0.419444 0.724375 0.130000 0.023750
0 0.669444 0.724375 0.141111 0.021250
0 0.919444 0.727500 0.125556 0.017500
0 0.168889 0.798125 0.164444 0.021250
0 0.418889 0.796250 0.144444 0.020000
0 0.668889 0.800000 0.117778 0.025000
0 0.918889 0.798125 0.144444 0.023750
0 0.169444 0.875625 0.121111 0.021250
0 0.418889 0.872500 0.120000 0.022500
0 0.669444 0.875625 0.107778 0.018750
0 0.919444 0.872500 0.092222 0.020000
0 0.169444 0.946875 0.121111 0.023750
0 0.419444 0.945625 0.130000 0.023750
0 0.669444 0.948750 0.118889 0.020000
0 0.919444 0.947500 0.107778 0.025000