0 0.168889 0.065000 0.146667 0.022500
0 0.418889 0.068125 0.100000 0.016250
0 0.669444 0.065000 0.132222 0.022500
0 0.919444 0.065000 0.087778 0.020000
0 0.169444 0.143125 0.094444 0.021250
0 0.418889 0.142500 0.106667 0.015000
0 0.669444 0.138750 0.150000 0.022500
0 0.919444 0.141250 0.125556 0.025000
0 0.169444 0.213125 0.081111 0.021250
0 0.418889 0.212500 0.093333 0.020000
0 0.668889 0.215000 0.144444 0.022500
0 0.919444 0.215000 0.130000 0.022500
0 0.169444 0.290000 0.121111 0.017500
0 0.419444 0.286875 0.112222 0.023750
0 0.669444 0.286250 0.143333 0.022500
0 0.918889 0.288125 0.111111 0.016250
0 0.168889 0.359375 0.120000 0.021250
0 0.419444 0.360000 0.130000 0.022500
0 0.669444 0.361875 0.103333 0.018750
0 0.919444 0.361875 0.121111 0.023750
0 0.168889 0.436875 0.111111 0.021250
0 0.419444 0.435625 0.114444 0.021250
0 0.669444 0.432500 0.118889 0.022500
0 0.919444 0.434375 0.130000 0.023750
0 0.168889 0.506875 0.133333 0.021250
0 0.418889 0.507500 0.117778 0.020000
0 0.668889 0.507500 0.131111 0.020000
0 0.919444 0.508125 0.134444 0.021250
0 0.168889 0.577500 0.133333 0.022500
0 0.419444 0.581250 0.121111 0.017500
0 0.669444 0.580625 0.110000 0.021250
0 0.919444 0.579375 0.112222 0.021250
0 0.168889 0.651250 0.093333 0.020000
0 0.419444 0.651875 0.118889 0.023750
0 0.669444 0.653125 0.112222 0.021250
0 0.918889 0.654375 0.120000 0.016250
0 0.168889 0.725625 0.113333 0.023750
0 0.419444 0.725000 0.130000 0.022500
0 0.669444 0.725000 0.105556 0.025000
0 0.919444 0.725000 0.143333 0.022500
0 0.169444 0.799375 0.138889 0.018750
0 0.418889 0.801250 0.104444 0.017500
0 0.668889 0.799375 0.113333 0.023750
0 0.919444 0.801250 0.130000 0.025000
0 0.169444 0.876250 0.130000 0.022500
0 0.418889 0.873750 0.120000 0.022500
0 0.669444 0.876250 0.134444 0.025000
0 0.919444 0.876875 0.087778 0.021250
0 0.169444 0.952500 0.125556 0.017500
0 0.418889 0.951250 0.113333 0.025000
0 0.669444 0.950625 0.107778 0.023750
0 0.918889 0.951250 0.115556 0.022500