0 0.168889 0.066250 0.093333 0.020000
0 0.419444 0.068125 0.114444 0.021250
0 0.669444 0.066875 0.130000 0.023750
0 0.919444 0.068750 0.123333 0.025000
0 0.168889 0.145000 0.151111 0.022500
0 0.418889 0.143750 0.088889 0.017500
0 0.668889 0.141875 0.093333 0.021250
0 0.918889 0.140625 0.133333 0.021250
0 0.169444 0.215625 0.110000 0.018750
0 0.418889 0.218125 0.133333 0.021250
0 0.668889 0.213125 0.106667 0.021250
0 0.919444 0.215000 0.083333 0.017500
0 0.168889 0.286250 0.113333 0.025000
0 0.418889 0.283750 0.133333 0.022500
0 0.669444 0.285000 0.141111 0.022500
0 0.918889 0.287500 0.128889 0.022500
0 0.169444 0.363750 0.110000 0.017500
0 0.419444 0.360625 0.130000 0.023750
0 0.669444 0.361250 0.118889 0.025000
0 0.918889 0.360625 0.115556 0.023750
0 0.169444 0.438750 0.121111 0.017500
0 0.419444 0.435625 0.101111 0.021250
0 0.668889 0.438750 0.135556 0.017500
0 0.918889 0.437500 0.117778 0.025000
0 0.169444 0.510000 0.130000 0.022500
0 0.419444 0.511875 0.121111 0.023750
0 0.668889 0.514375 0.113333 0.021250
0 0.918889 0.513750 0.131111 0.017500
0 0.168889 0.585625 0.111111 0.016250
0 0.418889 0.584375 0.117778 0.023750
0 0.669444 0.586250 0.118889 0.022500
0 0.918889 0.583750 0.117778 0.020000
0 0.169444 0.660000 0.123333 0.025000
0 0.418889 0.656875 0.115556 0.023750
0 0.669444 0.658125 0.112222 0.023750
0 0.918889 0.656875 0.120000 0.021250
0 0.168889 0.732500 0.120000 0.022500
0 0.419444 0.733125 0.125556 0.026250
0 0.668889 0.731875 0.120000 0.021250
0 0.918889 0.735625 0.120000 0.016250
0 0.168889 0.812500 0.120000 0.017500
0 0.418889 0.809375 0.115556 0.023750
0 0.668889 0.810000 0.113333 0.025000
0 0.919444 0.811875 0.127778 0.021250
0 0.168889 0.883125 0.133333 0.021250
0 0.419444 0.887500 0.121111 0.017500
0 0.669444 0.884375 0.130000 0.023750
0 0.919444 0.887500 0.121111 0.017500
0 0.168889 0.956875 0.120000 0.021250
0 0.419444 0.958125 0.121111 0.021250
0 0.668889 0.956250 0.106667 0.022500
0 0.919444 0.961875 0.094444 0.021250