0 0.168889 0.066875 0.144444 0.023750
0 0.419444 0.066875 0.130000 0.021250
0 0.668889 0.065625 0.133333 0.021250
0 0.918889 0.066875 0.115556 0.021250
0 0.169444 0.140000 0.130000 0.022500
0 0.418889 0.138750 0.146667 0.022500
0 0.668889 0.139375 0.133333 0.021250
0 0.918889 0.142500 0.120000 0.017500
0 0.168889 0.211875 0.113333 0.023750
0 0.418889 0.211875 0.120000 0.021250
0 0.668889 0.216250 0.126667 0.020000
0 0.919444 0.212500 0.092222 0.020000
0 0.169444 0.285625 0.130000 0.023750
0 0.419444 0.288125 0.121111 0.016250
0 0.668889 0.288750 0.120000 0.017500
0 0.919444 0.289375 0.112222 0.018750
0 0.169444 0.361250 0.127778 0.025000
0 0.419444 0.363750 0.121111 0.017500
0 0.669444 0.364375 0.134444 0.021250
0 0.918889 0.360625 0.144444 0.023750
0 0.169444 0.434375 0.125556 0.023750
0 0.419444 0.435000 0.130000 0.025000
0 0.668889 0.439375 0.151111 0.021250
0 0.919444 0.436875 0.136667 0.021250
0 0.169444 0.509375 0.130000 0.023750
0 0.419444 0.510625 0.121111 0.021250
0 0.668889 0.510000 0.111111 0.020000
0 0.919444 0.514375 0.134444 0.021250
0 0.168889 0.583125 0.106667 0.021250
0 0.419444 0.587500 0.110000 0.020000
0 0.668889 0.585000 0.126667 0.025000
0 0.919444 0.586250 0.118889 0.022500
0 0.169444 0.663750 0.132222 0.017500
0 0.419444 0.658125 0.132222 0.021250
0 0.669444 0.658750 0.130000 0.022500
0 0.918889 0.663125 0.140000 0.018750
0 0.169444 0.731875 0.158889 0.023750
0 0.419444 0.732500 0.116667 0.022500
0 0.668889 0.730625 0.140000 0.023750
0 0.919444 0.731875 0.114444 0.021250
0 0.169444 0.806875 0.101111 0.021250
0 0.418889 0.804375 0.097778 0.018750
0 0.668889 0.807500 0.104444 0.022500
0 0.919444 0.808750 0.132222 0.017500
0 0.168889 0.877500 0.120000 0.020000
0 0.419444 0.881875 0.143333 0.018750
0 0.668889 0.879375 0.131111 0.023750
0 0.918889 0.876250 0.120000 0.022500
0 0.168889 0.950625 0.100000 0.021250
0 0.419444 0.951250 0.138889 0.020000
0 0.668889 0.951875 0.102222 0.023750
0 0.919444 0.953750 0.118889 0.017500