0 0.169444 0.065625 0.130000 0.023750
0 0.418889 0.065625 0.137778 0.021250
0 0.668889 0.067500 0.140000 0.022500
0 0.918889 0.066875 0.093333 0.021250
0 0.168889 0.140625 0.108889 0.023750
0 0.419444 0.140625 0.101111 0.023750
0 0.668889 0.139375 0.120000 0.021250
0 0.918889 0.141875 0.131111 0.023750
0 0.168889 0.214375 0.113333 0.023750
0 0.418889 0.213750 0.111111 0.020000
0 0.668889 0.213750 0.111111 0.020000
0 0.918889 0.214375 0.113333 0.023750
0 0.169444 0.288750 0.130000 0.022500
0 0.418889 0.288750 0.124444 0.025000
0 0.668889 0.288125 0.115556 0.023750
0 0.919444 0.288125 0.130000 0.023750
0 0.169444 0.361875 0.092222 0.018750
0 0.418889 0.365000 0.108889 0.025000
0 0.668889 0.363750 0.104444 0.017500
0 0.919444 0.365000 0.112222 0.017500
0 0.169444 0.437500 0.138889 0.020000
0 0.418889 0.438750 0.091111 0.017500
0 0.668889 0.440625 0.126667 0.016250
0 0.919444 0.439375 0.121111 0.023750
0 0.169444 0.510000 0.105556 0.022500
0 0.418889 0.511250 0.126667 0.020000
0 0.669444 0.511250 0.130000 0.022500
0 0.919444 0.513750 0.121111 0.015000
0 0.169444 0.586250 0.118889 0.022500
0 0.419444 0.584375 0.118889 0.023750
0 0.669444 0.587500 0.136667 0.017500
0 0.918889 0.583750 0.144444 0.025000
0 0.168889 0.661875 0.111111 0.018750
0 0.419444 0.663750 0.127778 0.017500
0 0.669444 0.661250 0.147778 0.025000
0 0.918889 0.660000 0.117778 0.025000
0 0.168889 0.735000 0.117778 0.025000
0 0.419444 0.735625 0.130000 0.021250
0 0.669444 0.737500 0.134444 0.017500
0 0.918889 0.736250 0.097778 0.017500
0 0.169444 0.813125 0.114444 0.021250
0 0.418889 0.810000 0.104444 0.017500
0 0.668889 0.808125 0.133333 0.021250
0 0.919444 0.810625 0.123333 0.021250
0 0.169444 0.880625 0.130000 0.021250
0 0.418889 0.879375 0.113333 0.021250
0 0.668889 0.880000 0.128889 0.022500
0 0.919444 0.883750 0.125556 0.020000
0 0.169444 0.956250 0.141111 0.020000
0 0.418889 0.951875 0.120000 0.021250
0 0.668889 0.954375 0.113333 0.016250
0 0.919444 0.953750 0.096667 0.017500