0 0.168889 0.066875 0.111111 0.023750
0 0.418889 0.066250 0.120000 0.022500
0 0.669444 0.066875 0.116667 0.021250
0 0.919444 0.068750 0.121111 0.017500
0 0.168889 0.139375 0.113333 0.023750
0 0.418889 0.139375 0.137778 0.021250
0 0.669444 0.143125 0.110000 0.018750
0 0.919444 0.143125 0.114444 0.018750
0 0.169444 0.213750 0.143333 0.022500
0 0.419444 0.213125 0.130000 0.023750
0 0.669444 0.214375 0.112222 0.021250
0 0.918889 0.217500 0.124444 0.020000
0 0.168889 0.290625 0.113333 0.018750
0 0.418889 0.290000 0.117778 0.025000
0 0.669444 0.290625 0.118889 0.021250
0 0.918889 0.286875 0.093333 0.021250
0 0.168889 0.363125 0.144444 0.023750
0 0.418889 0.364375 0.113333 0.016250
0 0.668889 0.366250 0.128889 0.020000
0 0.918889 0.365000 0.120000 0.025000
0 0.169444 0.438125 0.158889 0.023750
0 0.418889 0.436250 0.120000 0.022500
0 0.669444 0.440000 0.110000 0.017500
0 0.918889 0.436875 0.120000 0.021250
0 0.168889 0.510625 0.113333 0.021250
0 0.418889 0.510625 0.113333 0.021250
0 0.669444 0.511250 0.118889 0.025000
0 0.919444 0.511875 0.121111 0.021250
0 0.168889 0.585625 0.133333 0.021250
0 0.419444 0.587500 0.096667 0.017500
0 0.668889 0.586250 0.120000 0.020000
0 0.919444 0.586875 0.134444 0.023750
0 0.168889 0.658750 0.120000 0.022500
0 0.418889 0.663125 0.126667 0.018750
0 0.668889 0.660625 0.144444 0.023750
0 0.918889 0.661875 0.111111 0.016250
0 0.169444 0.734375 0.130000 0.023750
0 0.418889 0.736250 0.095556 0.017500
0 0.668889 0.733125 0.146667 0.021250
0 0.919444 0.734375 0.114444 0.021250
0 0.168889 0.810625 0.115556 0.021250
0 0.419444 0.808125 0.158889 0.023750
0 0.669444 0.809375 0.110000 0.021250
0 0.919444 0.808125 0.130000 0.023750
0 0.169444 0.881875 0.114444 0.021250
0 0.419444 0.884375 0.125556 0.021250
0 0.668889 0.880625 0.120000 0.021250
0 0.918889 0.883125 0.111111 0.016250
0 0.168889 0.955625 0.126667 0.016250
0 0.419444 0.953125 0.143333 0.023750
0 0.668889 0.955625 0.117778 0.021250
0 0.919444 0.956250 0.130000 0.020000