0 0.168889 0.065625 0.120000 0.021250
0 0.418889 0.070000 0.111111 0.020000
0 0.668889 0.069375 0.128889 0.018750
0 0.919444 0.067500 0.116667 0.022500
0 0.168889 0.141875 0.102222 0.021250
0 0.419444 0.137500 0.105556 0.022500
0 0.669444 0.140000 0.118889 0.025000
0 0.919444 0.138125 0.125556 0.023750
0 0.168889 0.217500 0.126667 0.017500
0 0.418889 0.218125 0.140000 0.018750
0 0.668889 0.216250 0.126667 0.017500
0 0.919444 0.214375 0.143333 0.023750
0 0.168889 0.288750 0.115556 0.022500
0 0.419444 0.289375 0.114444 0.021250
0 0.668889 0.288125 0.108889 0.023750
0 0.918889 0.288125 0.144444 0.023750
0 0.169444 0.365000 0.134444 0.022500
0 0.418889 0.361250 0.111111 0.020000
0 0.668889 0.365000 0.120000 0.017500
0 0.919444 0.363750 0.118889 0.022500
0 0.168889 0.435000 0.084444 0.017500
0 0.419444 0.434375 0.096667 0.021250
0 0.669444 0.437500 0.092222 0.020000
0 0.919444 0.434375 0.141111 0.021250
0 0.168889 0.510000 0.144444 0.017500
0 0.419444 0.505000 0.141111 0.022500
0 0.668889 0.509375 0.106667 0.021250
0 0.918889 0.504375 0.133333 0.021250
0 0.168889 0.576875 0.113333 0.021250
0 0.418889 0.580625 0.100000 0.018750
0 0.668889 0.576875 0.120000 0.021250
0 0.919444 0.577500 0.130000 0.022500
0 0.168889 0.649375 0.113333 0.023750
0 0.419444 0.651875 0.098889 0.016250
0 0.669444 0.653750 0.118889 0.017500
0 0.918889 0.650000 0.111111 0.020000
0 0.168889 0.724375 0.144444 0.023750
0 0.419444 0.722500 0.118889 0.022500
0 0.669444 0.724375 0.150000 0.021250
0 0.919444 0.725000 0.118889 0.025000
0 0.169444 0.801250 0.118889 0.022500
0 0.418889 0.801875 0.120000 0.021250
0 0.669444 0.801250 0.134444 0.025000
0 0.919444 0.800625 0.098889 0.016250
0 0.168889 0.873750 0.111111 0.020000
0 0.418889 0.873125 0.113333 0.023750
0 0.669444 0.877500 0.118889 0.020000
0 0.918889 0.872500 0.120000 0.022500
0 0.168889 0.947500 0.111111 0.020000
0 0.418889 0.948750 0.117778 0.025000
0 0.669444 0.950000 0.121111 0.017500
0 0.918889 0.946875 0.120000 0.021250