0 0.169444 0.065625 0.130000 0.023750
0 0.419444 0.066250 0.138889 0.020000
0 0.668889 0.067500 0.102222 0.025000
0 0.919444 0.066875 0.121111 0.021250
0 0.169444 0.144375 0.127778 0.021250
0 0.419444 0.146250 0.130000 0.017500
0 0.668889 0.140625 0.120000 0.021250
0 0.919444 0.143125 0.103333 0.018750
0 0.169444 0.215625 0.116667 0.016250
0 0.418889 0.215000 0.133333 0.025000
0 0.668889 0.213125 0.144444 0.023750
0 0.918889 0.212500 0.120000 0.022500
0 0.169444 0.287500 0.130000 0.022500
0 0.419444 0.286875 0.125556 0.023750
0 0.669444 0.287500 0.141111 0.022500
0 0.918889 0.290625 0.126667 0.021250
0 0.169444 0.364375 0.118889 0.016250
0 0.419444 0.361875 0.114444 0.021250
0 0.669444 0.364375 0.114444 0.016250
0 0.918889 0.362500 0.088889 0.020000
0 0.168889 0.435000 0.128889 0.022500
0 0.419444 0.435000 0.125556 0.025000
0 0.669444 0.433750 0.096667 0.017500
0 0.919444 0.433125 0.125556 0.023750
0 0.168889 0.510625 0.115556 0.018750
0 0.419444 0.511250 0.125556 0.022500
0 0.668889 0.506875 0.115556 0.023750
0 0.919444 0.510625 0.116667 0.021250
0 0.169444 0.581875 0.092222 0.018750
0 0.419444 0.584375 0.127778 0.021250
0 0.668889 0.581875 0.144444 0.023750
0 0.918889 0.585000 0.120000 0.020000
0 0.168889 0.654375 0.133333 0.021250
0 0.418889 0.656250 0.117778 0.025000
0 0.669444 0.656875 0.110000 0.021250
0 0.919444 0.655000 0.143333 0.022500
0 0.169444 0.730000 0.130000 0.022500
0 0.418889 0.731875 0.131111 0.023750
0 0.669444 0.730000 0.130000 0.022500
0 0.919444 0.730000 0.143333 0.022500
0 0.169444 0.805625 0.121111 0.016250
0 0.418889 0.802500 0.133333 0.022500
0 0.669444 0.804375 0.125556 0.026250
0 0.918889 0.807500 0.113333 0.022500
0 0.168889 0.881875 0.111111 0.016250
0 0.418889 0.880625 0.144444 0.023750
0 0.669444 0.879375 0.138889 0.021250
0 0.919444 0.878750 0.105556 0.022500
0 0.168889 0.953125 0.133333 0.021250
0 0.419444 0.953125 0.138889 0.021250
0 0.669444 0.954375 0.141111 0.021250
0 0.919444 0.956250 0.130000 0.025000