0 0.168889 0.066250 0.120000 0.020000
0 0.419444 0.070000 0.121111 0.017500
0 0.668889 0.066875 0.164444 0.021250
0 0.918889 0.066250 0.126667 0.020000
0 0.169444 0.140000 0.123333 0.025000
0 0.419444 0.140625 0.118889 0.021250
0 0.668889 0.136875 0.133333 0.021250
0 0.918889 0.139375 0.113333 0.021250
0 0.169444 0.213750 0.130000 0.022500
0 0.418889 0.211875 0.093333 0.021250
0 0.668889 0.212500 0.128889 0.022500
0 0.919444 0.212500 0.101111 0.022500
0 0.168889 0.286875 0.111111 0.016250
0 0.419444 0.288125 0.094444 0.018750
0 0.669444 0.290000 0.134444 0.017500
0 0.918889 0.287500 0.117778 0.025000
0 0.168889 0.360000 0.157778 0.022500
0 0.418889 0.359375 0.115556 0.023750
0 0.668889 0.359375 0.140000 0.021250
0 0.919444 0.362500 0.127778 0.017500
0 0.169444 0.436250 0.107778 0.020000
0 0.419444 0.436250 0.125556 0.025000
0 0.669444 0.435625 0.123333 0.021250
0 0.919444 0.437500 0.134444 0.017500
0 0.168889 0.511250 0.108889 0.017500
0 0.418889 0.509375 0.144444 0.023750
0 0.669444 0.508750 0.143333 0.022500
0 0.918889 0.509375 0.128889 0.021250
0 0.169444 0.585000 0.118889 0.025000
0 0.419444 0.584375 0.121111 0.023750
0 0.669444 0.585000 0.103333 0.017500
0 0.918889 0.582500 0.120000 0.022500
0 0.168889 0.661250 0.151111 0.022500
0 0.418889 0.656875 0.120000 0.021250
0 0.669444 0.657500 0.143333 0.022500
0 0.919444 0.658125 0.130000 0.023750
0 0.168889 0.733125 0.115556 0.021250
0 0.418889 0.736250 0.140000 0.017500
0 0.669444 0.731250 0.130000 0.022500
0 0.918889 0.734375 0.128889 0.016250
0 0.168889 0.803125 0.133333 0.021250
0 0.418889 0.803750 0.131111 0.020000
0 0.668889 0.803750 0.120000 0.022500
0 0.919444 0.803750 0.138889 0.020000
0 0.169444 0.878750 0.123333 0.025000
0 0.419444 0.876250 0.143333 0.022500
0 0.668889 0.875625 0.120000 0.021250
0 0.918889 0.878125 0.111111 0.016250
0 0.168889 0.953750 0.133333 0.025000
0 0.418889 0.951250 0.086667 0.017500
0 0.668889 0.950625 0.146667 0.021250
0 0.919444 0.950000 0.118889 0.022500