0 0.168889 0.066250 0.157778 0.022500
0 0.418889 0.069375 0.106667 0.018750
0 0.668889 0.066250 0.120000 0.022500
0 0.919444 0.068125 0.121111 0.016250
0 0.168889 0.138750 0.093333 0.022500
0 0.419444 0.137500 0.118889 0.022500
0 0.669444 0.141875 0.127778 0.021250
0 0.918889 0.138125 0.106667 0.021250
0 0.168889 0.211875 0.082222 0.023750
0 0.418889 0.215000 0.131111 0.017500
0 0.669444 0.213750 0.107778 0.017500
0 0.919444 0.211875 0.112222 0.023750
0 0.168889 0.285000 0.111111 0.020000
0 0.418889 0.283750 0.133333 0.022500
0 0.669444 0.286250 0.118889 0.025000
0 0.918889 0.283750 0.106667 0.022500
0 0.168889 0.363125 0.124444 0.018750
0 0.419444 0.360625 0.125556 0.026250
0 0.669444 0.360000 0.130000 0.022500
0 0.919444 0.361250 0.130000 0.022500
0 0.168889 0.436250 0.115556 0.025000
0 0.419444 0.438125 0.103333 0.018750
0 0.668889 0.438750 0.117778 0.017500
0 0.919444 0.436250 0.123333 0.020000
0 0.169444 0.511875 0.125556 0.026250
0 0.419444 0.511250 0.130000 0.022500
0 0.669444 0.513750 0.112222 0.017500
0 0.918889 0.511250 0.128889 0.022500
0 0.168889 0.588125 0.144444 0.023750
0 0.419444 0.590000 0.118889 0.022500
0 0.668889 0.586250 0.106667 0.022500
0 0.919444 0.587500 0.123333 0.020000
0 0.169444 0.661875 0.112222 0.023750
0 0.418889 0.661250 0.157778 0.022500
0 0.668889 0.661875 0.144444 0.023750
0 0.918889 0.662500 0.104444 0.017500
0 0.169444 0.735000 0.143333 0.022500
0 0.418889 0.735000 0.106667 0.022500
0 0.668889 0.738125 0.128889 0.018750
0 0.918889 0.737500 0.133333 0.025000
0 0.169444 0.813750 0.116667 0.017500
0 0.418889 0.810625 0.108889 0.023750
0 0.668889 0.811250 0.128889 0.025000
0 0.918889 0.812500 0.093333 0.017500
0 0.168889 0.885000 0.157778 0.022500
0 0.419444 0.885000 0.130000 0.025000
0 0.669444 0.884375 0.101111 0.021250
0 0.918889 0.888125 0.120000 0.021250
0 0.169444 0.961875 0.101111 0.018750
0 0.419444 0.961250 0.158889 0.022500
0 0.669444 0.960625 0.141111 0.021250
0 0.919444 0.960625 0.098889 0.021250