0 0.169444 0.065000 0.118889 0.022500
0 0.419444 0.068750 0.130000 0.017500
0 0.669444 0.066875 0.092222 0.023750
0 0.919444 0.066250 0.130000 0.022500
0 0.168889 0.143125 0.131111 0.016250
0 0.418889 0.138750 0.133333 0.022500
0 0.668889 0.138750 0.120000 0.022500
0 0.919444 0.139375 0.125556 0.021250
0 0.168889 0.211875 0.113333 0.021250
0 0.419444 0.213125 0.098889 0.021250
0 0.669444 0.211250 0.092222 0.022500
0 0.919444 0.216250 0.132222 0.022500
0 0.169444 0.285625 0.130000 0.023750
0 0.418889 0.288125 0.100000 0.018750
0 0.668889 0.284375 0.117778 0.018750
0 0.919444 0.288750 0.121111 0.017500
0 0.169444 0.358750 0.130000 0.022500
0 0.418889 0.359375 0.093333 0.023750
0 0.669444 0.358750 0.107778 0.022500
0 0.918889 0.358125 0.146667 0.021250
0 0.168889 0.433125 0.157778 0.023750
0 0.418889 0.433125 0.144444 0.023750
0 0.669444 0.434375 0.105556 0.023750
0 0.918889 0.431250 0.146667 0.022500
0 0.169444 0.509375 0.123333 0.016250
0 0.419444 0.508125 0.096667 0.021250
0 0.669444 0.510000 0.125556 0.022500
0 0.919444 0.509375 0.114444 0.021250
0 0.168889 0.583125 0.140000 0.018750
0 0.418889 0.577500 0.137778 0.020000
0 0.669444 0.579375 0.114444 0.021250
0 0.919444 0.579375 0.130000 0.021250
0 0.169444 0.650000 0.143333 0.022500
0 0.418889 0.649375 0.115556 0.023750
0 0.668889 0.653125 0.108889 0.018750
0 0.919444 0.652500 0.114444 0.025000
0 0.169444 0.725625 0.130000 0.023750
0 0.419444 0.725625 0.130000 0.023750
0 0.668889 0.725000 0.106667 0.022500
0 0.919444 0.730000 0.123333 0.017500
0 0.168889 0.803125 0.144444 0.018750
0 0.419444 0.798750 0.118889 0.025000
0 0.669444 0.802500 0.127778 0.017500
0 0.919444 0.798750 0.130000 0.022500
0 0.169444 0.874375 0.130000 0.023750
0 0.418889 0.873750 0.097778 0.017500
0 0.668889 0.873750 0.111111 0.020000
0 0.919444 0.874375 0.121111 0.021250
0 0.169444 0.948125 0.130000 0.023750
0 0.419444 0.950000 0.118889 0.022500
0 0.668889 0.946875 0.124444 0.021250
0 0.919444 0.948125 0.107778 0.023750