0 0.169444 0.065000 0.087778 0.020000
0 0.419444 0.068750 0.105556 0.020000
0 0.668889 0.068125 0.095556 0.018750
0 0.919444 0.068125 0.103333 0.018750
0 0.169444 0.140000 0.134444 0.022500
0 0.418889 0.137500 0.144444 0.022500
0 0.669444 0.138125 0.103333 0.018750
0 0.918889 0.137500 0.117778 0.025000
0 0.168889 0.210625 0.137778 0.021250
0 0.418889 0.210625 0.120000 0.021250
0 0.669444 0.215000 0.118889 0.020000
0 0.919444 0.213125 0.130000 0.021250
0 0.169444 0.284375 0.136667 0.021250
0 0.418889 0.281875 0.133333 0.021250
0 0.669444 0.283750 0.130000 0.025000
0 0.919444 0.283125 0.125556 0.023750
0 0.169444 0.361250 0.114444 0.017500
0 0.419444 0.356875 0.130000 0.023750
0 0.668889 0.358125 0.097778 0.018750
0 0.919444 0.359375 0.101111 0.018750
0 0.169444 0.431875 0.130000 0.023750
0 0.418889 0.431875 0.144444 0.023750
0 0.669444 0.432500 0.130000 0.025000
0 0.919444 0.436250 0.105556 0.017500
0 0.168889 0.506250 0.144444 0.025000
0 0.418889 0.508125 0.131111 0.023750
0 0.668889 0.507500 0.117778 0.025000
0 0.919444 0.507500 0.130000 0.025000
0 0.169444 0.583750 0.123333 0.017500
0 0.418889 0.582500 0.144444 0.022500
0 0.668889 0.584375 0.106667 0.018750
0 0.919444 0.583125 0.110000 0.018750
0 0.168889 0.654375 0.157778 0.023750
0 0.419444 0.657500 0.130000 0.017500
0 0.669444 0.653750 0.130000 0.022500
0 0.919444 0.653750 0.130000 0.025000
0 0.168889 0.727500 0.106667 0.022500
0 0.419444 0.731875 0.130000 0.018750
0 0.668889 0.728750 0.120000 0.022500
0 0.919444 0.728750 0.130000 0.022500
0 0.168889 0.804375 0.111111 0.018750
0 0.419444 0.801250 0.130000 0.022500
0 0.669444 0.801250 0.143333 0.022500
0 0.918889 0.803750 0.106667 0.017500
0 0.169444 0.876875 0.105556 0.018750
0 0.418889 0.873750 0.157778 0.022500
0 0.668889 0.873750 0.115556 0.022500
0 0.918889 0.872500 0.106667 0.022500
0 0.169444 0.947500 0.130000 0.022500
0 0.418889 0.945625 0.131111 0.021250
0 0.669444 0.949375 0.145556 0.021250
0 0.919444 0.946250 0.143333 0.022500