0 0.168889 0.066875 0.124444 0.023750
0 0.418889 0.066250 0.120000 0.020000
0 0.668889 0.066875 0.102222 0.018750
0 0.918889 0.068750 0.124444 0.017500
0 0.169444 0.140000 0.125556 0.020000
0 0.418889 0.140625 0.144444 0.023750
0 0.668889 0.144375 0.124444 0.016250
0 0.919444 0.143125 0.105556 0.018750
0 0.168889 0.218125 0.140000 0.018750
0 0.418889 0.214375 0.115556 0.023750
0 0.668889 0.217500 0.115556 0.020000
0 0.918889 0.215625 0.115556 0.023750
0 0.168889 0.286250 0.140000 0.020000
0 0.419444 0.288125 0.130000 0.023750
0 0.668889 0.286875 0.115556 0.023750
0 0.919444 0.286250 0.145556 0.020000
0 0.169444 0.361875 0.143333 0.021250
0 0.419444 0.362500 0.145556 0.025000
0 0.668889 0.361875 0.113333 0.023750
0 0.919444 0.365000 0.107778 0.020000
0 0.168889 0.435000 0.106667 0.022500
0 0.419444 0.436875 0.141111 0.021250
0 0.668889 0.438750 0.124444 0.025000
0 0.918889 0.436250 0.131111 0.020000
0 0.169444 0.513750 0.114444 0.022500
0 0.419444 0.513750 0.107778 0.025000
0 0.669444 0.515000 0.141111 0.017500
0 0.919444 0.515625 0.134444 0.021250
0 0.169444 0.590000 0.121111 0.017500
0 0.419444 0.588125 0.123333 0.023750
0 0.668889 0.587500 0.091111 0.017500
0 0.918889 0.585625 0.146667 0.021250
0 0.169444 0.662500 0.118889 0.022500
0 0.418889 0.663125 0.131111 0.016250
0 0.669444 0.659375 0.130000 0.023750
0 0.918889 0.661250 0.128889 0.025000
0 0.168889 0.733750 0.106667 0.022500
0 0.419444 0.736250 0.118889 0.025000
0 0.668889 0.733750 0.133333 0.022500
0 0.918889 0.739375 0.133333 0.021250
0 0.169444 0.810625 0.121111 0.021250
0 0.419444 0.811250 0.130000 0.025000
0 0.668889 0.813125 0.117778 0.018750
0 0.918889 0.810625 0.115556 0.023750
0 0.169444 0.888750 0.114444 0.022500
0 0.418889 0.886875 0.113333 0.016250
0 0.669444 0.885625 0.130000 0.023750
0 0.918889 0.889375 0.122222 0.018750
0 0.169444 0.957500 0.105556 0.022500
0 0.418889 0.958125 0.146667 0.021250
0 0.669444 0.960625 0.105556 0.023750
0 0.919444 0.961875 0.118889 0.021250