0 0.169444 0.065000 0.118889 0.022500
0 0.418889 0.065000 0.106667 0.022500
0 0.668889 0.065000 0.146667 0.022500
0 0.918889 0.070000 0.108889 0.015000
0 0.169444 0.138750 0.150000 0.022500
0 0.419444 0.138750 0.130000 0.025000
0 0.668889 0.138125 0.113333 0.023750
0 0.919444 0.138750 0.143333 0.022500
0 0.169444 0.214375 0.114444 0.021250
0 0.418889 0.213750 0.086667 0.020000
0 0.668889 0.216250 0.133333 0.025000
0 0.918889 0.217500 0.133333 0.017500
0 0.169444 0.290625 0.110000 0.021250
0 0.419444 0.291875 0.121111 0.016250
0 0.669444 0.292500 0.125556 0.022500
0 0.919444 0.288750 0.143333 0.022500
0 0.168889 0.360625 0.113333 0.023750
0 0.418889 0.361250 0.120000 0.022500
0 0.669444 0.363125 0.130000 0.021250
0 0.919444 0.362500 0.158889 0.022500
0 0.169444 0.438750 0.107778 0.017500
0 0.419444 0.435625 0.130000 0.023750
0 0.668889 0.438750 0.124444 0.017500
0 0.918889 0.438750 0.133333 0.017500
0 0.169444 0.511875 0.134444 0.018750
0 0.419444 0.508125 0.125556 0.023750
0 0.669444 0.510625 0.114444 0.021250
0 0.919444 0.511875 0.105556 0.018750
0 0.168889 0.584375 0.115556 0.023750
0 0.418889 0.582500 0.131111 0.020000
0 0.669444 0.582500 0.130000 0.022500
0 0.919444 0.581875 0.158889 0.021250
0 0.168889 0.656250 0.111111 0.020000
0 0.418889 0.658750 0.128889 0.022500
0 0.669444 0.658125 0.110000 0.016250
0 0.919444 0.661250 0.123333 0.017500
0 0.169444 0.729375 0.158889 0.023750
0 0.419444 0.729375 0.130000 0.023750
0 0.668889 0.733125 0.133333 0.021250
0 0.919444 0.727500 0.118889 0.022500
0 0.169444 0.805625 0.103333 0.018750
0 0.418889 0.802500 0.128889 0.022500
0 0.669444 0.806250 0.121111 0.017500
0 0.918889 0.802500 0.157778 0.022500
0 0.169444 0.875625 0.114444 0.021250
0 0.419444 0.877500 0.118889 0.022500
0 0.669444 0.875000 0.130000 0.022500
0 0.919444 0.878750 0.118889 0.020000
0 0.169444 0.946875 0.158889 0.021250
0 0.418889 0.952500 0.131111 0.017500
0 0.668889 0.947500 0.097778 0.017500
0 0.919444 0.947500 0.130000 0.022500