0 0.169444 0.070000 0.107778 0.017500
0 0.418889 0.069375 0.124444 0.018750
0 0.669444 0.067500 0.130000 0.022500
0 0.918889 0.066250 0.093333 0.022500
0 0.169444 0.140625 0.112222 0.021250
0 0.418889 0.139375 0.122222 0.023750
0 0.669444 0.139375 0.130000 0.023750
0 0.919444 0.141250 0.114444 0.017500
0 0.169444 0.213750 0.096667 0.017500
0 0.418889 0.215625 0.100000 0.018750
0 0.669444 0.213125 0.143333 0.021250
0 0.918889 0.212500 0.120000 0.020000
0 0.169444 0.286875 0.114444 0.018750
0 0.419444 0.287500 0.130000 0.020000
0 0.668889 0.283125 0.111111 0.023750
0 0.918889 0.283750 0.106667 0.022500
0 0.169444 0.358125 0.130000 0.023750
0 0.419444 0.362500 0.136667 0.017500
0 0.669444 0.359375 0.130000 0.021250
0 0.919444 0.359375 0.123333 0.021250
0 0.169444 0.434375 0.121111 0.016250
0 0.418889 0.431250 0.097778 0.020000
0 0.669444 0.434375 0.125556 0.021250
0 0.919444 0.430625 0.145556 0.021250
0 0.168889 0.502500 0.120000 0.022500
0 0.418889 0.501875 0.144444 0.021250
0 0.669444 0.502500 0.143333 0.022500
0 0.918889 0.505000 0.124444 0.017500
0 0.169444 0.576875 0.101111 0.018750
0 0.418889 0.578750 0.135556 0.017500
0 0.669444 0.576250 0.096667 0.017500
0 0.918889 0.576250 0.144444 0.022500
0 0.169444 0.647500 0.092222 0.020000
0 0.418889 0.649375 0.115556 0.021250
0 0.669444 0.650625 0.105556 0.018750
0 0.918889 0.649375 0.111111 0.016250
0 0.168889 0.721875 0.113333 0.018750
0 0.418889 0.720625 0.111111 0.016250
0 0.669444 0.720000 0.130000 0.022500
0 0.919444 0.720625 0.123333 0.021250
0 0.168889 0.790625 0.133333 0.021250
0 0.418889 0.791250 0.111111 0.020000
0 0.669444 0.793750 0.123333 0.017500
0 0.918889 0.795000 0.124444 0.017500
0 0.168889 0.861250 0.106667 0.022500
0 0.419444 0.862500 0.150000 0.022500
0 0.669444 0.863125 0.130000 0.023750
0 0.919444 0.866875 0.134444 0.021250
0 0.168889 0.936250 0.120000 0.022500
0 0.418889 0.935000 0.120000 0.022500
0 0.669444 0.936250 0.143333 0.022500
0 0.919444 0.939375 0.125556 0.021250