0 0.169444 0.066250 0.092222 0.020000
0 0.419444 0.066875 0.134444 0.021250
0 0.668889 0.070000 0.122222 0.017500
0 0.919444 0.069375 0.107778 0.021250
0 0.168889 0.140000 0.108889 0.017500
0 0.419444 0.136250 0.118889 0.022500
0 0.668889 0.140625 0.104444 0.021250
0 0.919444 0.137500 0.141111 0.020000
0 0.168889 0.209375 0.100000 0.021250
0 0.418889 0.208750 0.106667 0.022500
0 0.668889 0.208750 0.120000 0.022500
0 0.919444 0.210000 0.143333 0.022500
0 0.169444 0.285000 0.116667 0.017500
0 0.419444 0.285625 0.125556 0.021250
0 0.669444 0.284375 0.121111 0.023750
0 0.918889 0.285000 0.120000 0.025000
0 0.169444 0.357500 0.130000 0.022500
0 0.418889 0.357500 0.115556 0.022500
0 0.669444 0.361250 0.127778 0.017500
0 0.919444 0.360000 0.123333 0.017500
0 0.169444 0.433125 0.092222 0.018750
0 0.419444 0.433750 0.118889 0.020000
0 0.669444 0.431875 0.107778 0.023750
0 0.918889 0.430625 0.115556 0.021250
0 0.168889 0.507500 0.120000 0.017500
0 0.419444 0.506250 0.118889 0.025000
0 0.669444 0.506875 0.105556 0.018750
0 0.918889 0.508750 0.142222 0.017500
0 0.168889 0.578750 0.120000 0.020000
0 0.418889 0.580625 0.111111 0.016250
0 0.669444 0.581875 0.123333 0.016250
0 0.919444 0.578750 0.118889 0.025000
0 0.169444 0.655625 0.121111 0.023750
0 0.419444 0.653750 0.130000 0.025000
0 0.668889 0.654375 0.115556 0.023750
0 0.918889 0.653125 0.120000 0.021250
0 0.168889 0.727500 0.106667 0.022500
0 0.418889 0.731250 0.120000 0.017500
0 0.669444 0.731875 0.105556 0.021250
0 0.919444 0.729375 0.130000 0.023750
0 0.169444 0.804375 0.121111 0.023750
0 0.419444 0.802500 0.130000 0.022500
0 0.669444 0.802500 0.130000 0.022500
0 0.918889 0.803125 0.144444 0.023750
0 0.168889 0.876250 0.135556 0.022500
0 0.418889 0.880000 0.124444 0.017500
0 0.669444 0.878750 0.098889 0.015000
0 0.919444 0.876250 0.114444 0.022500
0 0.168889 0.953125 0.133333 0.021250
0 0.419444 0.951875 0.105556 0.018750
0 0.669444 0.948750 0.130000 0.022500
0 0.919444 0.951250 0.121111 0.017500