0 0.169444 0.066875 0.121111 0.021250
0 0.419444 0.065625 0.134444 0.021250
0 0.669444 0.070000 0.107778 0.020000
0 0.919444 0.066875 0.112222 0.021250
0 0.169444 0.140000 0.121111 0.017500
0 0.419444 0.139375 0.136667 0.021250
0 0.668889 0.136875 0.120000 0.021250
0 0.919444 0.138750 0.130000 0.022500
0 0.168889 0.215000 0.137778 0.017500
0 0.418889 0.210625 0.144444 0.023750
0 0.668889 0.211875 0.100000 0.016250
0 0.918889 0.210625 0.102222 0.021250
0 0.169444 0.284375 0.101111 0.023750
0 0.418889 0.282500 0.117778 0.020000
0 0.668889 0.285625 0.131111 0.023750
0 0.919444 0.283750 0.098889 0.020000
0 0.169444 0.358125 0.130000 0.023750
0 0.419444 0.358125 0.130000 0.023750
0 0.669444 0.358125 0.114444 0.021250
0 0.918889 0.356875 0.120000 0.021250
0 0.168889 0.432500 0.124444 0.025000
0 0.419444 0.431250 0.118889 0.025000
0 0.669444 0.433125 0.121111 0.023750
0 0.918889 0.431250 0.120000 0.020000
0 0.169444 0.506250 0.092222 0.020000
0 0.419444 0.506250 0.092222 0.020000
0 0.669444 0.506250 0.125556 0.020000
0 0.919444 0.507500 0.130000 0.025000
0 0.169444 0.585625 0.138889 0.018750
0 0.419444 0.581250 0.143333 0.022500
0 0.668889 0.585000 0.102222 0.020000
0 0.919444 0.581875 0.130000 0.023750
0 0.169444 0.655625 0.130000 0.023750
0 0.418889 0.654375 0.146667 0.021250
0 0.668889 0.655625 0.140000 0.023750
0 0.918889 0.658750 0.120000 0.020000
0 0.168889 0.728750 0.157778 0.022500
0 0.418889 0.730625 0.111111 0.016250
0 0.669444 0.732500 0.143333 0.020000
0 0.918889 0.727500 0.120000 0.022500
0 0.169444 0.803125 0.110000 0.021250
0 0.418889 0.803750 0.117778 0.025000
0 0.669444 0.803125 0.121111 0.023750
0 0.919444 0.805000 0.107778 0.020000
0 0.168889 0.876250 0.120000 0.022500
0 0.418889 0.876250 0.097778 0.020000
0 0.669444 0.877500 0.114444 0.025000
0 0.918889 0.876250 0.128889 0.022500
0 0.169444 0.953750 0.127778 0.017500
0 0.418889 0.955625 0.148889 0.016250
0 0.669444 0.952500 0.130000 0.022500
0 0.918889 0.951250 0.120000 0.022500