0 0.168889 0.065625 0.133333 0.021250
0 0.419444 0.069375 0.105556 0.018750
0 0.669444 0.066250 0.138889 0.020000
0 0.918889 0.070000 0.126667 0.020000
0 0.168889 0.136250 0.120000 0.022500
0 0.419444 0.138125 0.107778 0.021250
0 0.669444 0.136250 0.132222 0.022500
0 0.918889 0.139375 0.146667 0.023750
0 0.169444 0.211875 0.130000 0.023750
0 0.418889 0.211250 0.111111 0.020000
0 0.668889 0.214375 0.113333 0.018750
0 0.919444 0.211250 0.130000 0.022500
0 0.169444 0.285625 0.130000 0.023750
0 0.418889 0.286250 0.084444 0.017500
0 0.669444 0.288125 0.116667 0.018750
0 0.918889 0.286250 0.104444 0.017500
0 0.168889 0.359375 0.102222 0.021250
0 0.419444 0.359375 0.107778 0.023750
0 0.668889 0.360000 0.115556 0.022500
0 0.919444 0.358750 0.150000 0.020000
0 0.169444 0.433125 0.130000 0.023750
0 0.418889 0.435000 0.104444 0.022500
0 0.669444 0.433125 0.130000 0.023750
0 0.918889 0.433125 0.144444 0.023750
0 0.169444 0.505625 0.118889 0.023750
0 0.418889 0.506250 0.131111 0.020000
0 0.668889 0.506250 0.115556 0.022500
0 0.919444 0.506250 0.118889 0.025000
0 0.169444 0.584375 0.127778 0.021250
0 0.419444 0.582500 0.087778 0.020000
0 0.669444 0.580625 0.130000 0.023750
0 0.918889 0.580625 0.133333 0.021250
0 0.169444 0.657500 0.114444 0.022500
0 0.419444 0.655625 0.158889 0.023750
0 0.668889 0.658750 0.108889 0.017500
0 0.918889 0.658750 0.095556 0.017500
0 0.169444 0.730625 0.123333 0.021250
0 0.419444 0.731250 0.125556 0.025000
0 0.669444 0.730000 0.130000 0.022500
0 0.918889 0.731875 0.113333 0.018750
0 0.168889 0.803125 0.113333 0.021250
0 0.419444 0.806875 0.107778 0.018750
0 0.668889 0.806875 0.128889 0.018750
0 0.918889 0.803750 0.115556 0.022500
0 0.169444 0.880000 0.127778 0.020000
0 0.418889 0.876250 0.120000 0.022500
0 0.668889 0.879375 0.131111 0.018750
0 0.918889 0.876875 0.144444 0.023750
0 0.168889 0.952500 0.133333 0.025000
0 0.419444 0.950625 0.112222 0.021250
0 0.668889 0.950625 0.144444 0.023750
0 0.919444 0.950625 0.130000 0.023750