0 0.169444 0.066875 0.130000 0.023750
0 0.419444 0.066875 0.141111 0.021250
0 0.669444 0.070000 0.121111 0.017500
0 0.919444 0.066250 0.130000 0.025000
0 0.168889 0.144375 0.120000 0.016250
0 0.419444 0.145000 0.101111 0.020000
0 0.669444 0.141875 0.114444 0.021250
0 0.918889 0.143750 0.095556 0.017500
0 0.168889 0.213750 0.144444 0.022500
0 0.418889 0.216250 0.135556 0.017500
0 0.668889 0.213125 0.102222 0.021250
0 0.919444 0.215000 0.121111 0.017500
0 0.169444 0.284375 0.130000 0.023750
0 0.418889 0.288750 0.135556 0.017500
0 0.668889 0.285625 0.126667 0.021250
0 0.919444 0.285000 0.130000 0.025000
0 0.168889 0.364375 0.144444 0.018750
0 0.419444 0.360000 0.130000 0.022500
0 0.668889 0.363750 0.120000 0.020000
0 0.919444 0.360625 0.130000 0.021250
0 0.169444 0.433125 0.112222 0.023750
0 0.419444 0.431250 0.101111 0.020000
0 0.668889 0.431875 0.106667 0.021250
0 0.919444 0.433750 0.103333 0.025000
0 0.169444 0.507500 0.130000 0.022500
0 0.419444 0.509375 0.110000 0.021250
0 0.668889 0.506250 0.120000 0.022500
0 0.918889 0.507500 0.120000 0.022500
0 0.169444 0.580000 0.143333 0.022500
0 0.419444 0.581250 0.130000 0.025000
0 0.668889 0.583750 0.113333 0.017500
0 0.919444 0.580000 0.118889 0.025000
0 0.168889 0.658125 0.120000 0.018750
0 0.419444 0.658125 0.103333 0.018750
0 0.669444 0.654375 0.130000 0.023750
0 0.918889 0.656875 0.113333 0.016250
0 0.168889 0.730625 0.146667 0.023750
0 0.418889 0.731875 0.113333 0.016250
0 0.668889 0.731250 0.131111 0.025000
0 0.919444 0.731875 0.121111 0.016250
0 0.169444 0.807500 0.125556 0.020000
0 0.419444 0.807500 0.118889 0.020000
0 0.669444 0.803750 0.130000 0.022500
0 0.919444 0.803750 0.130000 0.022500
0 0.169444 0.876250 0.101111 0.020000
0 0.419444 0.878750 0.118889 0.022500
0 0.668889 0.878750 0.095556 0.017500
0 0.918889 0.875625 0.115556 0.023750
0 0.168889 0.951875 0.111111 0.016250
0 0.418889 0.953125 0.124444 0.018750
0 0.669444 0.953125 0.125556 0.021250
0 0.919444 0.950625 0.112222 0.021250