0 0.169444 0.065625 0.118889 0.023750
0 0.418889 0.066250 0.128889 0.022500
0 0.669444 0.068750 0.121111 0.017500
0 0.919444 0.068750 0.118889 0.022500
0 0.169444 0.142500 0.114444 0.020000
0 0.418889 0.140000 0.133333 0.022500
0 0.668889 0.138750 0.120000 0.022500
0 0.918889 0.140625 0.093333 0.021250
0 0.169444 0.215625 0.127778 0.021250
0 0.419444 0.212500 0.141111 0.022500
0 0.668889 0.216250 0.124444 0.017500
0 0.918889 0.211875 0.131111 0.018750
0 0.168889 0.286875 0.111111 0.016250
0 0.418889 0.284375 0.133333 0.021250
0 0.668889 0.286875 0.095556 0.023750
0 0.918889 0.286875 0.115556 0.021250
0 0.169444 0.360000 0.158889 0.022500
0 0.419444 0.362500 0.136667 0.017500
0 0.668889 0.358125 0.120000 0.021250
0 0.919444 0.360000 0.118889 0.025000
0 0.168889 0.436250 0.128889 0.022500
0 0.418889 0.438750 0.131111 0.017500
0 0.668889 0.432500 0.133333 0.022500
0 0.919444 0.436250 0.123333 0.025000
0 0.169444 0.510000 0.130000 0.022500
0 0.419444 0.508750 0.141111 0.022500
0 0.668889 0.508125 0.140000 0.023750
0 0.918889 0.511250 0.128889 0.022500
0 0.168889 0.581250 0.106667 0.022500
0 0.418889 0.583750 0.102222 0.022500
0 0.669444 0.583125 0.130000 0.023750
0 0.918889 0.582500 0.120000 0.022500
0 0.169444 0.656875 0.114444 0.021250
0 0.418889 0.656250 0.115556 0.022500
0 0.668889 0.655625 0.113333 0.023750
0 0.919444 0.656875 0.130000 0.023750
0 0.168889 0.730625 0.128889 0.023750
0 0.419444 0.729375 0.085556 0.018750
0 0.669444 0.732500 0.107778 0.020000
0 0.918889 0.729375 0.093333 0.021250
0 0.168889 0.802500 0.120000 0.022500
0 0.419444 0.803750 0.130000 0.022500
0 0.669444 0.804375 0.118889 0.023750
0 0.919444 0.807500 0.134444 0.022500
0 0.169444 0.877500 0.143333 0.022500
0 0.419444 0.878125 0.130000 0.023750
0 0.668889 0.879375 0.088889 0.018750
0 0.918889 0.880000 0.106667 0.017500
0 0.169444 0.953750 0.136667 0.025000
0 0.419444 0.950625 0.118889 0.023750
0 0.668889 0.953125 0.111111 0.016250
0 0.919444 0.951250 0.130000 0.022500