0 0.169444 0.069375 0.121111 0.016250
0 0.418889 0.068750 0.133333 0.025000
0 0.668889 0.065000 0.106667 0.022500
0 0.918889 0.066250 0.111111 0.020000
0 0.169444 0.141250 0.118889 0.025000
0 0.418889 0.141875 0.144444 0.023750
0 0.669444 0.141875 0.130000 0.023750
0 0.918889 0.141250 0.128889 0.022500
0 0.168889 0.216250 0.144444 0.025000
0 0.419444 0.220000 0.145556 0.020000
0 0.668889 0.218125 0.111111 0.016250
0 0.919444 0.218125 0.103333 0.018750
0 0.169444 0.294375 0.136667 0.016250
0 0.419444 0.292500 0.130000 0.022500
0 0.668889 0.290625 0.120000 0.021250
0 0.918889 0.291875 0.115556 0.023750
0 0.169444 0.365625 0.112222 0.021250
0 0.419444 0.368125 0.118889 0.021250
0 0.668889 0.365000 0.144444 0.025000
0 0.919444 0.368125 0.121111 0.021250
0 0.169444 0.443750 0.125556 0.022500
0 0.419444 0.440000 0.141111 0.022500
0 0.668889 0.440000 0.128889 0.022500
0 0.918889 0.440000 0.111111 0.020000
0 0.168889 0.511875 0.133333 0.021250
0 0.419444 0.515625 0.112222 0.016250
0 0.668889 0.511250 0.106667 0.022500
0 0.918889 0.513125 0.144444 0.023750
0 0.169444 0.586875 0.130000 0.021250
0 0.418889 0.585625 0.106667 0.021250
0 0.669444 0.587500 0.116667 0.025000
0 0.919444 0.588125 0.114444 0.021250
0 0.168889 0.662500 0.097778 0.025000
0 0.419444 0.661875 0.130000 0.021250
0 0.668889 0.663750 0.120000 0.025000
0 0.918889 0.663125 0.111111 0.016250
0 0.168889 0.735625 0.146667 0.021250
0 0.418889 0.735000 0.133333 0.022500
0 0.668889 0.737500 0.104444 0.017500
0 0.919444 0.736250 0.130000 0.022500
0 0.168889 0.808125 0.120000 0.021250
0 0.419444 0.809375 0.150000 0.021250
0 0.669444 0.811250 0.130000 0.017500
0 0.919444 0.807500 0.101111 0.020000
0 0.169444 0.879375 0.125556 0.021250
0 0.418889 0.880000 0.120000 0.022500
0 0.668889 0.880000 0.088889 0.020000
0 0.918889 0.880625 0.106667 0.023750
0 0.169444 0.957500 0.143333 0.020000
0 0.418889 0.954375 0.097778 0.023750
0 0.669444 0.952500 0.105556 0.022500
0 0.919444 0.955000 0.107778 0.025000