0 0.169444 0.066250 0.143333 0.022500
0 0.419444 0.070000 0.143333 0.020000
0 0.669444 0.068125 0.114444 0.021250
0 0.919444 0.066250 0.130000 0.025000
0 0.169444 0.140625 0.136667 0.021250
0 0.419444 0.143125 0.103333 0.023750
0 0.669444 0.141250 0.143333 0.022500
0 0.918889 0.141250 0.106667 0.022500
0 0.169444 0.215000 0.130000 0.025000
0 0.419444 0.215625 0.130000 0.023750
0 0.668889 0.216875 0.111111 0.016250
0 0.918889 0.214375 0.104444 0.018750
0 0.168889 0.289375 0.111111 0.023750
0 0.418889 0.290000 0.097778 0.020000
0 0.669444 0.291250 0.116667 0.022500
0 0.918889 0.288750 0.131111 0.020000
0 0.168889 0.364375 0.115556 0.023750
0 0.418889 0.363750 0.120000 0.022500
0 0.669444 0.366875 0.123333 0.016250
0 0.919444 0.363750 0.130000 0.022500
0 0.169444 0.438750 0.116667 0.022500
0 0.418889 0.440000 0.117778 0.025000
0 0.668889 0.440000 0.128889 0.022500
0 0.919444 0.438125 0.158889 0.023750
0 0.169444 0.515000 0.114444 0.022500
0 0.419444 0.513125 0.130000 0.023750
0 0.669444 0.515625 0.107778 0.018750
0 0.919444 0.512500 0.143333 0.022500
0 0.168889 0.589375 0.108889 0.018750
0 0.419444 0.590000 0.114444 0.020000
0 0.668889 0.585000 0.146667 0.022500
0 0.919444 0.590625 0.134444 0.021250
0 0.169444 0.658750 0.130000 0.025000
0 0.418889 0.657500 0.133333 0.022500
0 0.669444 0.661250 0.112222 0.017500
0 0.918889 0.662500 0.126667 0.017500
0 0.168889 0.733750 0.120000 0.022500
0 0.419444 0.735000 0.130000 0.022500
0 0.668889 0.733750 0.131111 0.020000
0 0.919444 0.733750 0.130000 0.022500
0 0.169444 0.805625 0.130000 0.023750
0 0.419444 0.807500 0.114444 0.025000
0 0.669444 0.805625 0.130000 0.023750
0 0.918889 0.805000 0.120000 0.022500
0 0.169444 0.882500 0.116667 0.022500
0 0.418889 0.885000 0.120000 0.020000
0 0.668889 0.883750 0.102222 0.017500
0 0.919444 0.882500 0.125556 0.022500
0 0.168889 0.953750 0.131111 0.020000
0 0.418889 0.953750 0.157778 0.022500
0 0.668889 0.952500 0.120000 0.022500
0 0.918889 0.955000 0.084444 0.017500