0 0.169444 0.068125 0.110000 0.018750
0 0.418889 0.065625 0.133333 0.021250
0 0.669444 0.065000 0.132222 0.022500
0 0.919444 0.069375 0.105556 0.018750
0 0.168889 0.139375 0.126667 0.021250
0 0.419444 0.138125 0.136667 0.021250
0 0.668889 0.140000 0.117778 0.025000
0 0.918889 0.138750 0.120000 0.022500
0 0.169444 0.215000 0.130000 0.022500
0 0.419444 0.214375 0.130000 0.023750
0 0.669444 0.215625 0.130000 0.021250
0 0.919444 0.214375 0.158889 0.023750
0 0.168889 0.287500 0.157778 0.022500
0 0.419444 0.287500 0.130000 0.025000
0 0.669444 0.287500 0.125556 0.020000
0 0.919444 0.290000 0.107778 0.017500
0 0.168889 0.363125 0.157778 0.023750
0 0.419444 0.362500 0.130000 0.022500
0 0.668889 0.363125 0.115556 0.023750
0 0.918889 0.361875 0.124444 0.021250
0 0.169444 0.439375 0.127778 0.016250
0 0.418889 0.437500 0.104444 0.017500
0 0.669444 0.438125 0.110000 0.018750
0 0.919444 0.436875 0.116667 0.023750
0 0.169444 0.511875 0.130000 0.021250
0 0.419444 0.510000 0.130000 0.022500
0 0.668889 0.515000 0.137778 0.017500
0 0.918889 0.511875 0.111111 0.016250
0 0.169444 0.583125 0.130000 0.023750
0 0.419444 0.583125 0.130000 0.023750
0 0.668889 0.585000 0.113333 0.020000
0 0.919444 0.583125 0.130000 0.023750
0 0.168889 0.658750 0.131111 0.025000
0 0.418889 0.657500 0.144444 0.022500
0 0.669444 0.656250 0.130000 0.025000
0 0.919444 0.656250 0.143333 0.022500
0 0.168889 0.734375 0.120000 0.021250
0 0.418889 0.731875 0.144444 0.023750
0 0.669444 0.731875 0.103333 0.023750
0 0.918889 0.733750 0.133333 0.025000
0 0.168889 0.805625 0.140000 0.021250
0 0.418889 0.805625 0.146667 0.021250
0 0.668889 0.807500 0.117778 0.017500
0 0.919444 0.809375 0.096667 0.018750
0 0.169444 0.879375 0.103333 0.018750
0 0.418889 0.880625 0.131111 0.018750
0 0.669444 0.878125 0.130000 0.021250
0 0.918889 0.876250 0.146667 0.022500
0 0.168889 0.953125 0.131111 0.016250
0 0.419444 0.950000 0.118889 0.025000
0 0.669444 0.951875 0.114444 0.021250
0 0.919444 0.954375 0.132222 0.021250