0 0.168889 0.066250 0.128889 0.022500
0 0.418889 0.065625 0.131111 0.018750
0 0.669444 0.068750 0.123333 0.017500
0 0.918889 0.065625 0.131111 0.018750
0 0.169444 0.142500 0.121111 0.017500
0 0.418889 0.138750 0.120000 0.022500
0 0.668889 0.138125 0.120000 0.021250
0 0.918889 0.137500 0.133333 0.022500
0 0.168889 0.213750 0.133333 0.025000
0 0.418889 0.210000 0.133333 0.022500
0 0.668889 0.212500 0.128889 0.025000
0 0.918889 0.211250 0.144444 0.025000
0 0.168889 0.286250 0.120000 0.022500
0 0.418889 0.285625 0.133333 0.021250
0 0.669444 0.286875 0.143333 0.023750
0 0.918889 0.286250 0.157778 0.022500
0 0.169444 0.361875 0.123333 0.021250
0 0.419444 0.360000 0.138889 0.020000
0 0.669444 0.360625 0.121111 0.021250
0 0.918889 0.358750 0.120000 0.022500
0 0.168889 0.431250 0.106667 0.022500
0 0.419444 0.434375 0.112222 0.021250
0 0.668889 0.431875 0.120000 0.021250
0 0.919444 0.435625 0.127778 0.016250
0 0.169444 0.510000 0.130000 0.017500
0 0.418889 0.504375 0.120000 0.021250
0 0.668889 0.504375 0.146667 0.021250
0 0.918889 0.503750 0.133333 0.022500
0 0.169444 0.577500 0.130000 0.022500
0 0.419444 0.581250 0.143333 0.020000
0 0.669444 0.581250 0.112222 0.017500
0 0.919444 0.578750 0.083333 0.017500
0 0.168889 0.649375 0.137778 0.021250
0 0.419444 0.653125 0.107778 0.021250
0 0.668889 0.649375 0.133333 0.021250
0 0.919444 0.653125 0.127778 0.021250
0 0.168889 0.720625 0.144444 0.023750
0 0.418889 0.722500 0.124444 0.025000
0 0.669444 0.723750 0.107778 0.025000
0 0.918889 0.720000 0.133333 0.022500
0 0.168889 0.800000 0.135556 0.017500
0 0.418889 0.795625 0.133333 0.021250
0 0.669444 0.796250 0.138889 0.020000
0 0.919444 0.798750 0.110000 0.015000
0 0.169444 0.868125 0.121111 0.021250
0 0.419444 0.868125 0.130000 0.021250
0 0.668889 0.866250 0.093333 0.022500
0 0.918889 0.866875 0.120000 0.021250
0 0.168889 0.941875 0.113333 0.016250
0 0.418889 0.939375 0.120000 0.021250
0 0.669444 0.939375 0.125556 0.021250
0 0.919444 0.940000 0.092222 0.017500