0 0.169444 0.066875 0.130000 0.023750
0 0.418889 0.070625 0.140000 0.018750
0 0.668889 0.065625 0.097778 0.018750
0 0.918889 0.066875 0.144444 0.023750
0 0.168889 0.143750 0.124444 0.017500
0 0.418889 0.143125 0.120000 0.021250
0 0.668889 0.138750 0.106667 0.022500
0 0.919444 0.141250 0.130000 0.022500
0 0.168889 0.212500 0.120000 0.020000
0 0.418889 0.212500 0.120000 0.022500
0 0.669444 0.216250 0.121111 0.017500
0 0.918889 0.215000 0.117778 0.025000
0 0.168889 0.290625 0.104444 0.021250
0 0.418889 0.289375 0.131111 0.023750
0 0.669444 0.288125 0.130000 0.023750
0 0.919444 0.291250 0.121111 0.017500
0 0.168889 0.365625 0.144444 0.018750
0 0.419444 0.361875 0.130000 0.021250
0 0.668889 0.365625 0.151111 0.021250
0 0.919444 0.363750 0.112222 0.017500
0 0.168889 0.435000 0.133333 0.025000
0 0.419444 0.432500 0.130000 0.022500
0 0.668889 0.434375 0.113333 0.016250
0 0.918889 0.432500 0.106667 0.022500
0 0.168889 0.507500 0.088889 0.020000
0 0.419444 0.508750 0.116667 0.022500
0 0.669444 0.507500 0.141111 0.022500
0 0.919444 0.508125 0.107778 0.021250
0 0.169444 0.580625 0.112222 0.021250
0 0.419444 0.580000 0.138889 0.020000
0 0.669444 0.580000 0.130000 0.022500
0 0.918889 0.580000 0.120000 0.022500
0 0.168889 0.653750 0.144444 0.022500
0 0.418889 0.656250 0.120000 0.020000
0 0.668889 0.651250 0.106667 0.022500
0 0.919444 0.653125 0.143333 0.021250
0 0.168889 0.723750 0.133333 0.022500
0 0.418889 0.725625 0.111111 0.023750
0 0.668889 0.726875 0.131111 0.023750
0 0.918889 0.724375 0.115556 0.023750
0 0.169444 0.799375 0.107778 0.021250
0 0.418889 0.799375 0.115556 0.023750
0 0.669444 0.798125 0.130000 0.023750
0 0.919444 0.802500 0.118889 0.020000
0 0.168889 0.871875 0.113333 0.021250
0 0.418889 0.872500 0.120000 0.020000
0 0.668889 0.871250 0.106667 0.022500
0 0.918889 0.875625 0.126667 0.016250
0 0.169444 0.944375 0.145556 0.021250
0 0.419444 0.948125 0.118889 0.016250
0 0.669444 0.946250 0.130000 0.022500
0 0.918889 0.945000 0.128889 0.022500