0 0.168889 0.069375 0.122222 0.021250
0 0.418889 0.066875 0.126667 0.021250
0 0.668889 0.066250 0.131111 0.020000
0 0.918889 0.069375 0.108889 0.016250
0 0.168889 0.141875 0.142222 0.018750
0 0.419444 0.140625 0.130000 0.016250
0 0.669444 0.137500 0.143333 0.022500
0 0.919444 0.136875 0.081111 0.018750
0 0.168889 0.211875 0.131111 0.023750
0 0.419444 0.210625 0.130000 0.023750
0 0.668889 0.213750 0.108889 0.017500
0 0.919444 0.213750 0.121111 0.017500
0 0.168889 0.283125 0.144444 0.023750
0 0.419444 0.286875 0.130000 0.016250
0 0.669444 0.282500 0.118889 0.022500
0 0.918889 0.285000 0.144444 0.022500
0 0.169444 0.359375 0.121111 0.023750
0 0.419444 0.357500 0.130000 0.022500
0 0.668889 0.357500 0.120000 0.022500
0 0.919444 0.362500 0.132222 0.017500
0 0.168889 0.433750 0.131111 0.025000
0 0.419444 0.430625 0.130000 0.023750
0 0.669444 0.431250 0.143333 0.022500
0 0.918889 0.431875 0.113333 0.023750
0 0.168889 0.505000 0.120000 0.022500
0 0.418889 0.506250 0.131111 0.020000
0 0.668889 0.507500 0.140000 0.022500
0 0.918889 0.506250 0.131111 0.020000
0 0.168889 0.578750 0.120000 0.022500
0 0.419444 0.578750 0.098889 0.020000
0 0.668889 0.578125 0.088889 0.018750
0 0.918889 0.578750 0.157778 0.022500
0 0.169444 0.656250 0.143333 0.017500
0 0.418889 0.651250 0.093333 0.020000
0 0.669444 0.654375 0.116667 0.018750
0 0.918889 0.650625 0.146667 0.021250
0 0.168889 0.725000 0.117778 0.017500
0 0.418889 0.721875 0.120000 0.021250
0 0.669444 0.722500 0.130000 0.022500
0 0.919444 0.721875 0.130000 0.023750
0 0.168889 0.796250 0.157778 0.022500
0 0.419444 0.799375 0.123333 0.016250
0 0.669444 0.796250 0.125556 0.020000
0 0.919444 0.795625 0.138889 0.021250
0 0.168889 0.871875 0.100000 0.018750
0 0.419444 0.868125 0.101111 0.021250
0 0.668889 0.868125 0.133333 0.021250
0 0.918889 0.872500 0.120000 0.017500
0 0.168889 0.940625 0.144444 0.023750
0 0.419444 0.938750 0.105556 0.022500
0 0.668889 0.940000 0.157778 0.022500
0 0.919444 0.943750 0.114444 0.022500