0 0.169444 0.065000 0.138889 0.020000
0 0.418889 0.066250 0.128889 0.022500
0 0.669444 0.065625 0.130000 0.023750
0 0.919444 0.065625 0.145556 0.021250
0 0.168889 0.140625 0.124444 0.023750
0 0.418889 0.140625 0.144444 0.023750
0 0.668889 0.141250 0.097778 0.017500
0 0.919444 0.138750 0.118889 0.022500
0 0.169444 0.217500 0.121111 0.017500
0 0.418889 0.217500 0.126667 0.020000
0 0.668889 0.215625 0.146667 0.023750
0 0.918889 0.212500 0.106667 0.022500
0 0.168889 0.288750 0.113333 0.025000
0 0.418889 0.288125 0.115556 0.023750
0 0.669444 0.288125 0.107778 0.021250
0 0.918889 0.287500 0.128889 0.022500
0 0.169444 0.364375 0.098889 0.016250
0 0.418889 0.361875 0.111111 0.023750
0 0.668889 0.361250 0.120000 0.022500
0 0.919444 0.363125 0.130000 0.023750
0 0.169444 0.437500 0.130000 0.022500
0 0.419444 0.438750 0.123333 0.017500
0 0.669444 0.436250 0.130000 0.025000
0 0.919444 0.438125 0.114444 0.021250
0 0.169444 0.511875 0.098889 0.021250
0 0.418889 0.511875 0.144444 0.023750
0 0.669444 0.511875 0.112222 0.021250
0 0.919444 0.515000 0.134444 0.022500
0 0.168889 0.585625 0.113333 0.023750
0 0.419444 0.586875 0.121111 0.023750
0 0.669444 0.590000 0.127778 0.017500
0 0.919444 0.585000 0.130000 0.022500
0 0.168889 0.658125 0.113333 0.023750
0 0.418889 0.658750 0.135556 0.022500
0 0.668889 0.659375 0.144444 0.023750
0 0.919444 0.660625 0.110000 0.018750
0 0.168889 0.736250 0.120000 0.017500
0 0.419444 0.731875 0.130000 0.023750
0 0.668889 0.735625 0.106667 0.016250
0 0.919444 0.732500 0.130000 0.025000
0 0.169444 0.806875 0.118889 0.023750
0 0.419444 0.810625 0.118889 0.016250
0 0.668889 0.812500 0.140000 0.017500
0 0.918889 0.810625 0.128889 0.021250
0 0.169444 0.883750 0.118889 0.022500
0 0.419444 0.881250 0.130000 0.022500
0 0.669444 0.881250 0.130000 0.022500
0 0.918889 0.885625 0.113333 0.021250
0 0.168889 0.953750 0.115556 0.025000
0 0.419444 0.955625 0.114444 0.021250
0 0.669444 0.955000 0.130000 0.022500
0 0.919444 0.956250 0.107778 0.017500