0 0.168889 0.066250 0.115556 0.022500
0 0.418889 0.066875 0.115556 0.023750
0 0.668889 0.065625 0.133333 0.021250
0 0.919444 0.067500 0.132222 0.025000
0 0.168889 0.141875 0.144444 0.023750
0 0.418889 0.140000 0.120000 0.022500
0 0.669444 0.142500 0.130000 0.025000
0 0.919444 0.140625 0.130000 0.023750
0 0.169444 0.218750 0.125556 0.025000
0 0.419444 0.218750 0.125556 0.017500
0 0.669444 0.221250 0.132222 0.017500
0 0.918889 0.220000 0.113333 0.020000
0 0.169444 0.290625 0.098889 0.018750
0 0.419444 0.291875 0.130000 0.023750
0 0.668889 0.292500 0.104444 0.017500
0 0.918889 0.290625 0.120000 0.021250
0 0.169444 0.366250 0.123333 0.025000
0 0.419444 0.365625 0.112222 0.023750
0 0.668889 0.364375 0.113333 0.023750
0 0.919444 0.365000 0.141111 0.020000
0 0.169444 0.443750 0.134444 0.017500
0 0.418889 0.444375 0.133333 0.021250
0 0.668889 0.441875 0.146667 0.023750
0 0.919444 0.440625 0.130000 0.023750
0 0.168889 0.513750 0.157778 0.022500
0 0.418889 0.516875 0.131111 0.018750
0 0.668889 0.514375 0.144444 0.023750
0 0.918889 0.516250 0.104444 0.022500
0 0.168889 0.586250 0.120000 0.022500
0 0.419444 0.589375 0.101111 0.021250
0 0.669444 0.587500 0.143333 0.022500
0 0.918889 0.587500 0.120000 0.022500
0 0.169444 0.663125 0.143333 0.021250
0 0.418889 0.661250 0.097778 0.017500
0 0.669444 0.660625 0.107778 0.023750
0 0.918889 0.659375 0.120000 0.021250
0 0.168889 0.733125 0.113333 0.023750
0 0.419444 0.732500 0.118889 0.022500
0 0.668889 0.735000 0.144444 0.025000
0 0.919444 0.737500 0.134444 0.022500
0 0.168889 0.810625 0.111111 0.016250
0 0.418889 0.808125 0.106667 0.021250
0 0.669444 0.807500 0.118889 0.022500
0 0.919444 0.810625 0.136667 0.021250
0 0.168889 0.880625 0.137778 0.021250
0 0.419444 0.881875 0.107778 0.023750
0 0.669444 0.881875 0.116667 0.023750
0 0.918889 0.882500 0.144444 0.022500
0 0.168889 0.959375 0.137778 0.018750
0 0.419444 0.955000 0.130000 0.022500
0 0.668889 0.956875 0.131111 0.023750
0 0.919444 0.955625 0.150000 0.021250