0 0.169444 0.067500 0.107778 0.025000
0 0.419444 0.066875 0.101111 0.018750
0 0.669444 0.065000 0.105556 0.022500
0 0.918889 0.066250 0.157778 0.022500
0 0.168889 0.140625 0.120000 0.021250
0 0.418889 0.145000 0.133333 0.022500
0 0.669444 0.145000 0.134444 0.017500
0 0.919444 0.141875 0.130000 0.023750
0 0.169444 0.215000 0.143333 0.022500
0 0.418889 0.217500 0.124444 0.017500
0 0.669444 0.215625 0.141111 0.021250
0 0.918889 0.216875 0.111111 0.016250
0 0.169444 0.288125 0.158889 0.023750
0 0.419444 0.288125 0.116667 0.023750
0 0.669444 0.287500 0.105556 0.025000
0 0.918889 0.287500 0.117778 0.020000
0 0.168889 0.361875 0.113333 0.021250
0 0.418889 0.363125 0.124444 0.023750
0 0.668889 0.364375 0.095556 0.018750
0 0.919444 0.363125 0.107778 0.021250
0 0.168889 0.435625 0.140000 0.023750
0 0.418889 0.438125 0.113333 0.016250
0 0.668889 0.436875 0.144444 0.023750
0 0.919444 0.439375 0.105556 0.018750
0 0.169444 0.513750 0.141111 0.020000
0 0.418889 0.512500 0.113333 0.020000
0 0.669444 0.510625 0.130000 0.023750
0 0.919444 0.511875 0.130000 0.021250
0 0.169444 0.583750 0.141111 0.022500
0 0.418889 0.584375 0.144444 0.023750
0 0.669444 0.583125 0.125556 0.023750
0 0.918889 0.583125 0.120000 0.021250
0 0.168889 0.656875 0.106667 0.021250
0 0.419444 0.658125 0.112222 0.021250
0 0.669444 0.656875 0.125556 0.023750
0 0.919444 0.657500 0.130000 0.022500
0 0.168889 0.731875 0.144444 0.023750
0 0.419444 0.730625 0.130000 0.023750
0 0.669444 0.730000 0.118889 0.022500
0 0.919444 0.730625 0.125556 0.023750
0 0.169444 0.805625 0.130000 0.023750
0 0.419444 0.803750 0.132222 0.022500
0 0.669444 0.807500 0.110000 0.015000
0 0.918889 0.808750 0.133333 0.022500
0 0.169444 0.880000 0.158889 0.022500
0 0.418889 0.883125 0.137778 0.018750
0 0.669444 0.878750 0.125556 0.020000
0 0.919444 0.879375 0.112222 0.021250
0 0.169444 0.952500 0.130000 0.025000
0 0.419444 0.955625 0.116667 0.018750
0 0.668889 0.951250 0.128889 0.022500
0 0.919444 0.951875 0.130000 0.023750