0 0.168889 0.066250 0.120000 0.022500
0 0.419444 0.066250 0.143333 0.022500
0 0.668889 0.070000 0.133333 0.022500
0 0.918889 0.068750 0.100000 0.020000
0 0.168889 0.140625 0.113333 0.016250
0 0.418889 0.138125 0.120000 0.021250
0 0.668889 0.138125 0.120000 0.021250
0 0.919444 0.138750 0.143333 0.022500
0 0.169444 0.213750 0.123333 0.025000
0 0.419444 0.211875 0.098889 0.021250
0 0.669444 0.211875 0.130000 0.023750
0 0.919444 0.214375 0.098889 0.018750
0 0.168889 0.288125 0.131111 0.023750
0 0.419444 0.288125 0.101111 0.021250
0 0.668889 0.289375 0.126667 0.016250
0 0.918889 0.286875 0.126667 0.021250
0 0.168889 0.358750 0.120000 0.022500
0 0.418889 0.360625 0.093333 0.021250
0 0.669444 0.359375 0.085556 0.018750
0 0.918889 0.358750 0.120000 0.022500
0 0.168889 0.432500 0.088889 0.020000
0 0.419444 0.432500 0.143333 0.022500
0 0.669444 0.435000 0.118889 0.022500
0 0.918889 0.436875 0.135556 0.018750
0 0.168889 0.503750 0.106667 0.022500
0 0.419444 0.504375 0.145556 0.021250
0 0.669444 0.508125 0.114444 0.018750
0 0.918333 0.505625 0.163333 0.021250
0 0.169444 0.581250 0.118889 0.020000
0 0.419444 0.578750 0.118889 0.025000
0 0.668889 0.578125 0.102222 0.023750
0 0.919444 0.578125 0.112222 0.021250
0 0.168889 0.656875 0.120000 0.016250
0 0.418889 0.655625 0.104444 0.018750
0 0.669444 0.653125 0.130000 0.023750
0 0.918889 0.652500 0.120000 0.022500
0 0.168889 0.726875 0.106667 0.023750
0 0.419444 0.726875 0.130000 0.023750
0 0.669444 0.726875 0.158889 0.023750
0 0.919444 0.725625 0.098889 0.023750
0 0.169444 0.800625 0.114444 0.021250
0 0.418889 0.801250 0.102222 0.022500
0 0.669444 0.803125 0.132222 0.018750
0 0.919444 0.804375 0.105556 0.018750
0 0.169444 0.872500 0.130000 0.022500
0 0.418889 0.875625 0.126667 0.021250
0 0.668889 0.871250 0.133333 0.022500
0 0.918889 0.877500 0.144444 0.017500
0 0.168889 0.945625 0.126667 0.021250
0 0.418889 0.943750 0.120000 0.022500
0 0.669444 0.946875 0.101111 0.018750
0 0.919444 0.946250 0.130000 0.022500