0 0.169444 0.066875 0.130000 0.023750
0 0.419444 0.066875 0.112222 0.021250
0 0.669444 0.066875 0.118889 0.023750
0 0.919444 0.070000 0.132222 0.017500
0 0.169444 0.140625 0.130000 0.023750
0 0.419444 0.140625 0.114444 0.021250
0 0.669444 0.143125 0.127778 0.021250
0 0.919444 0.141250 0.130000 0.022500
0 0.168889 0.213750 0.111111 0.020000
0 0.419444 0.214375 0.130000 0.023750
0 0.668889 0.213125 0.093333 0.021250
0 0.919444 0.214375 0.130000 0.023750
0 0.169444 0.290625 0.130000 0.018750
0 0.419444 0.286875 0.130000 0.023750
0 0.669444 0.287500 0.143333 0.022500
0 0.919444 0.291250 0.121111 0.017500
0 0.168889 0.361250 0.111111 0.020000
0 0.419444 0.361875 0.158889 0.023750
0 0.668889 0.364375 0.131111 0.016250
0 0.919444 0.361250 0.130000 0.025000
0 0.169444 0.438750 0.123333 0.025000
0 0.418889 0.438125 0.131111 0.023750
0 0.669444 0.436875 0.125556 0.026250
0 0.919444 0.436875 0.130000 0.023750
0 0.168889 0.512500 0.100000 0.020000
0 0.419444 0.514375 0.101111 0.018750
0 0.669444 0.512500 0.143333 0.022500
0 0.919444 0.511875 0.130000 0.023750
0 0.168889 0.585625 0.113333 0.023750
0 0.419444 0.586875 0.143333 0.021250
0 0.668889 0.588750 0.148889 0.025000
0 0.919444 0.588750 0.136667 0.025000
0 0.169444 0.661250 0.152222 0.020000
0 0.418889 0.660625 0.120000 0.021250
0 0.669444 0.661250 0.118889 0.025000
0 0.919444 0.665625 0.136667 0.018750
0 0.169444 0.737500 0.130000 0.022500
0 0.419444 0.737500 0.134444 0.025000
0 0.669444 0.737500 0.130000 0.022500
0 0.918889 0.738125 0.113333 0.021250
0 0.168889 0.810000 0.120000 0.022500
0 0.419444 0.811250 0.130000 0.025000
0 0.669444 0.811875 0.130000 0.021250
0 0.919444 0.811250 0.130000 0.025000
0 0.168889 0.887500 0.104444 0.017500
0 0.418889 0.886875 0.144444 0.023750
0 0.669444 0.889375 0.118889 0.021250
0 0.918889 0.886250 0.133333 0.022500
0 0.169444 0.962500 0.107778 0.020000
0 0.419444 0.964375 0.132222 0.018750
0 0.668889 0.960000 0.157778 0.022500
0 0.918889 0.960625 0.106667 0.023750