0 0.169444 0.070000 0.121111 0.017500
0 0.419444 0.066875 0.141111 0.021250
0 0.668889 0.066875 0.115556 0.021250
0 0.918889 0.067500 0.108889 0.025000
0 0.168889 0.140625 0.133333 0.021250
0 0.418889 0.145000 0.133333 0.017500
0 0.668889 0.140000 0.120000 0.022500
0 0.919444 0.141875 0.130000 0.021250
0 0.168889 0.215000 0.115556 0.025000
0 0.418889 0.212500 0.146667 0.022500
0 0.669444 0.215625 0.105556 0.023750
0 0.918889 0.216875 0.106667 0.018750
0 0.168889 0.289375 0.144444 0.023750
0 0.418889 0.290000 0.104444 0.017500
0 0.669444 0.288125 0.130000 0.023750
0 0.919444 0.288125 0.125556 0.023750
0 0.169444 0.364375 0.114444 0.021250
0 0.418889 0.361250 0.093333 0.022500
0 0.669444 0.363125 0.112222 0.021250
0 0.919444 0.363750 0.130000 0.022500
0 0.168889 0.435625 0.111111 0.023750
0 0.418889 0.436250 0.093333 0.020000
0 0.669444 0.436875 0.114444 0.021250
0 0.918889 0.436250 0.084444 0.017500
0 0.169444 0.509375 0.150000 0.021250
0 0.419444 0.511875 0.121111 0.021250
0 0.669444 0.508750 0.143333 0.022500
0 0.919444 0.511875 0.085556 0.018750
0 0.168889 0.581875 0.144444 0.023750
0 0.419444 0.583750 0.123333 0.025000
0 0.669444 0.581250 0.141111 0.022500
0 0.919444 0.581875 0.114444 0.021250
0 0.168889 0.658750 0.104444 0.020000
0 0.419444 0.656250 0.123333 0.020000
0 0.668889 0.655000 0.120000 0.022500
0 0.918889 0.657500 0.108889 0.025000
0 0.168889 0.731875 0.115556 0.023750
0 0.419444 0.731250 0.092222 0.020000
0 0.669444 0.733125 0.121111 0.023750
0 0.918889 0.730625 0.115556 0.023750
0 0.169444 0.809375 0.134444 0.021250
0 0.419444 0.807500 0.112222 0.017500
0 0.668889 0.807500 0.133333 0.025000
0 0.918889 0.805000 0.128889 0.022500
0 0.169444 0.883750 0.125556 0.020000
0 0.418889 0.884375 0.120000 0.016250
0 0.669444 0.883750 0.121111 0.017500
0 0.918889 0.880000 0.106667 0.022500
0 0.168889 0.954375 0.111111 0.016250
0 0.418889 0.953125 0.115556 0.021250
0 0.669444 0.956250 0.127778 0.017500
0 0.918889 0.952500 0.128889 0.022500