0 0.168889 0.065625 0.120000 0.021250
0 0.419444 0.068750 0.130000 0.017500
0 0.668889 0.070000 0.133333 0.022500
0 0.919444 0.069375 0.125556 0.021250
0 0.169444 0.141875 0.130000 0.018750
0 0.419444 0.142500 0.121111 0.017500
0 0.669444 0.137500 0.118889 0.022500
0 0.918889 0.143125 0.151111 0.021250
0 0.169444 0.211875 0.125556 0.023750
0 0.419444 0.210625 0.130000 0.023750
0 0.668889 0.210625 0.113333 0.021250
0 0.919444 0.211250 0.138889 0.020000
0 0.169444 0.285625 0.130000 0.021250
0 0.419444 0.286875 0.103333 0.018750
0 0.668889 0.288125 0.128889 0.021250
0 0.919444 0.284375 0.130000 0.023750
0 0.169444 0.358750 0.143333 0.022500
0 0.419444 0.361875 0.123333 0.016250
0 0.669444 0.358750 0.130000 0.022500
0 0.918889 0.358750 0.131111 0.020000
0 0.169444 0.430625 0.130000 0.023750
0 0.419444 0.430625 0.130000 0.023750
0 0.668889 0.435000 0.113333 0.022500
0 0.919444 0.431250 0.152222 0.020000
0 0.168889 0.505625 0.108889 0.023750
0 0.419444 0.506250 0.130000 0.025000
0 0.669444 0.505000 0.143333 0.022500
0 0.919444 0.505000 0.130000 0.022500
0 0.169444 0.579375 0.125556 0.023750
0 0.418889 0.583125 0.113333 0.018750
0 0.669444 0.580000 0.130000 0.025000
0 0.919444 0.580625 0.130000 0.021250
0 0.169444 0.657500 0.121111 0.017500
0 0.418889 0.658125 0.115556 0.021250
0 0.668889 0.653750 0.106667 0.022500
0 0.918889 0.655625 0.080000 0.018750
0 0.169444 0.727500 0.130000 0.022500
0 0.418889 0.726250 0.133333 0.022500
0 0.668889 0.730000 0.108889 0.017500
0 0.919444 0.730000 0.121111 0.017500
0 0.168889 0.802500 0.133333 0.025000
0 0.418889 0.800000 0.120000 0.022500
0 0.668889 0.799375 0.133333 0.021250
0 0.918889 0.799375 0.144444 0.021250
0 0.168889 0.874375 0.133333 0.021250
0 0.418889 0.874375 0.120000 0.021250
0 0.668889 0.878750 0.135556 0.017500
0 0.919444 0.874375 0.125556 0.023750
0 0.168889 0.951250 0.113333 0.020000
0 0.418889 0.948750 0.117778 0.020000
0 0.669444 0.949375 0.130000 0.023750
0 0.919444 0.948750 0.130000 0.022500