0 0.169444 0.066250 0.114444 0.022500
0 0.418889 0.065625 0.113333 0.021250
0 0.668889 0.066875 0.128889 0.021250
0 0.918889 0.065625 0.115556 0.023750
0 0.169444 0.139375 0.130000 0.023750
0 0.419444 0.140000 0.130000 0.022500
0 0.668889 0.142500 0.108889 0.020000
0 0.919444 0.139375 0.130000 0.023750
0 0.168889 0.216250 0.108889 0.025000
0 0.419444 0.213125 0.132222 0.021250
0 0.669444 0.214375 0.130000 0.023750
0 0.918889 0.215000 0.117778 0.025000
0 0.169444 0.289375 0.130000 0.023750
0 0.419444 0.289375 0.130000 0.023750
0 0.669444 0.288750 0.130000 0.022500
0 0.918889 0.287500 0.106667 0.022500
0 0.168889 0.363125 0.115556 0.023750
0 0.419444 0.363125 0.130000 0.023750
0 0.669444 0.362500 0.130000 0.022500
0 0.919444 0.366250 0.121111 0.017500
0 0.169444 0.438750 0.118889 0.022500
0 0.419444 0.439375 0.105556 0.018750
0 0.669444 0.438750 0.098889 0.015000
0 0.919444 0.435000 0.118889 0.022500
0 0.169444 0.508750 0.130000 0.022500
0 0.418889 0.508125 0.120000 0.021250
0 0.668889 0.508125 0.093333 0.021250
0 0.918889 0.511875 0.126667 0.021250
0 0.169444 0.583125 0.121111 0.023750
0 0.418889 0.585000 0.135556 0.017500
0 0.669444 0.581875 0.125556 0.026250
0 0.918889 0.583750 0.102222 0.017500
0 0.168889 0.656875 0.115556 0.023750
0 0.419444 0.657500 0.130000 0.025000
0 0.669444 0.658125 0.130000 0.023750
0 0.918889 0.659375 0.095556 0.021250
0 0.168889 0.731250 0.093333 0.022500
0 0.418889 0.731250 0.120000 0.022500
0 0.669444 0.732500 0.130000 0.022500
0 0.919444 0.735625 0.114444 0.021250
0 0.169444 0.806250 0.130000 0.025000
0 0.419444 0.806875 0.105556 0.023750
0 0.668889 0.806875 0.111111 0.016250
0 0.919444 0.805625 0.107778 0.021250
0 0.169444 0.880625 0.125556 0.026250
0 0.419444 0.880000 0.130000 0.022500
0 0.668889 0.879375 0.120000 0.021250
0 0.919444 0.882500 0.143333 0.022500
0 0.168889 0.956250 0.120000 0.022500
0 0.418889 0.958750 0.111111 0.015000
0 0.669444 0.956250 0.143333 0.022500
0 0.918889 0.958750 0.097778 0.017500