0 0.168889 0.070000 0.128889 0.020000
0 0.418889 0.067500 0.128889 0.025000
0 0.669444 0.066250 0.125556 0.020000
0 0.918889 0.068750 0.133333 0.025000
0 0.169444 0.143750 0.125556 0.025000
0 0.418889 0.144375 0.113333 0.018750
0 0.668889 0.144375 0.113333 0.018750
0 0.919444 0.144375 0.116667 0.018750
0 0.168889 0.215625 0.120000 0.021250
0 0.419444 0.215625 0.125556 0.023750
0 0.668889 0.216875 0.128889 0.023750
0 0.919444 0.217500 0.130000 0.022500
0 0.168889 0.294375 0.108889 0.016250
0 0.418889 0.291250 0.104444 0.017500
0 0.668889 0.291250 0.140000 0.022500
0 0.918889 0.291250 0.117778 0.025000
0 0.168889 0.363750 0.106667 0.022500
0 0.419444 0.364375 0.125556 0.023750
0 0.668889 0.368125 0.115556 0.016250
0 0.918889 0.365000 0.120000 0.022500
0 0.168889 0.438125 0.097778 0.018750
0 0.418889 0.438750 0.120000 0.022500
0 0.669444 0.437500 0.118889 0.022500
0 0.918889 0.437500 0.106667 0.022500
0 0.168889 0.511250 0.106667 0.022500
0 0.419444 0.511875 0.125556 0.023750
0 0.668889 0.510625 0.137778 0.021250
0 0.919444 0.514375 0.110000 0.021250
0 0.169444 0.588125 0.085556 0.018750
0 0.419444 0.586875 0.114444 0.021250
0 0.668889 0.583750 0.093333 0.022500
0 0.918889 0.588125 0.113333 0.018750
0 0.169444 0.661250 0.121111 0.017500
0 0.419444 0.660000 0.123333 0.025000
0 0.668889 0.657500 0.115556 0.022500
0 0.918889 0.656875 0.146667 0.021250
0 0.168889 0.736250 0.133333 0.017500
0 0.418889 0.732500 0.093333 0.022500
0 0.669444 0.733750 0.127778 0.025000
0 0.919444 0.735000 0.123333 0.017500
0 0.168889 0.807500 0.128889 0.022500
0 0.419444 0.808125 0.121111 0.021250
0 0.669444 0.807500 0.130000 0.022500
0 0.918889 0.810000 0.113333 0.020000
0 0.169444 0.880625 0.112222 0.021250
0 0.418889 0.880000 0.128889 0.022500
0 0.668889 0.881250 0.097778 0.017500
0 0.919444 0.880625 0.130000 0.023750
0 0.169444 0.958125 0.130000 0.018750
0 0.419444 0.956875 0.127778 0.016250
0 0.669444 0.955000 0.118889 0.025000
0 0.918889 0.956250 0.108889 0.017500