0 0.169444 0.069375 0.127778 0.021250
0 0.418889 0.065000 0.133333 0.022500
0 0.669444 0.066875 0.130000 0.023750
0 0.919444 0.068750 0.107778 0.017500
0 0.168889 0.140000 0.133333 0.022500
0 0.419444 0.142500 0.105556 0.020000
0 0.668889 0.140625 0.144444 0.023750
0 0.918889 0.139375 0.106667 0.021250
0 0.169444 0.213125 0.138889 0.018750
0 0.418889 0.213750 0.111111 0.020000
0 0.668889 0.214375 0.115556 0.023750
0 0.918889 0.215000 0.102222 0.022500
0 0.169444 0.287500 0.130000 0.022500
0 0.418889 0.286875 0.137778 0.021250
0 0.668889 0.286250 0.133333 0.022500
0 0.919444 0.292500 0.116667 0.017500
0 0.168889 0.362500 0.108889 0.020000
0 0.418889 0.360000 0.111111 0.020000
0 0.668889 0.359375 0.133333 0.021250
0 0.918889 0.361875 0.100000 0.016250
0 0.169444 0.430625 0.098889 0.023750
0 0.419444 0.433750 0.118889 0.022500
0 0.669444 0.430000 0.105556 0.022500
0 0.918889 0.430625 0.137778 0.021250
0 0.168889 0.506875 0.131111 0.023750
0 0.419444 0.506250 0.125556 0.022500
0 0.669444 0.509375 0.114444 0.021250
0 0.919444 0.508125 0.110000 0.021250
0 0.169444 0.580000 0.114444 0.025000
0 0.419444 0.579375 0.130000 0.023750
0 0.669444 0.579375 0.150000 0.021250
0 0.918889 0.580000 0.111111 0.022500
0 0.169444 0.654375 0.130000 0.023750
0 0.419444 0.657500 0.143333 0.020000
0 0.669444 0.654375 0.130000 0.021250
0 0.918889 0.654375 0.102222 0.018750
0 0.169444 0.728125 0.130000 0.023750
0 0.418889 0.731875 0.113333 0.021250
0 0.668889 0.726250 0.146667 0.022500
0 0.918889 0.726875 0.113333 0.021250
0 0.168889 0.801875 0.164444 0.021250
0 0.418889 0.801250 0.115556 0.025000
0 0.669444 0.804375 0.143333 0.021250
0 0.918889 0.803125 0.124444 0.018750
0 0.168889 0.878750 0.108889 0.017500
0 0.419444 0.876875 0.130000 0.021250
0 0.668889 0.877500 0.104444 0.017500
0 0.919444 0.876875 0.121111 0.021250
0 0.169444 0.946875 0.125556 0.018750
0 0.419444 0.948750 0.130000 0.022500
0 0.669444 0.949375 0.110000 0.018750
0 0.919444 0.947500 0.130000 0.025000