0 0.168889 0.066250 0.068889 0.020000
0 0.419444 0.069375 0.118889 0.021250
0 0.669444 0.065625 0.130000 0.023750
0 0.918889 0.066875 0.144444 0.023750
0 0.168889 0.139375 0.113333 0.023750
0 0.419444 0.143750 0.121111 0.017500
0 0.668889 0.141250 0.104444 0.017500
0 0.918889 0.142500 0.120000 0.025000
0 0.168889 0.215000 0.128889 0.022500
0 0.418889 0.215000 0.106667 0.022500
0 0.669444 0.217500 0.123333 0.025000
0 0.918889 0.216250 0.113333 0.025000
0 0.169444 0.292500 0.105556 0.020000
0 0.419444 0.290625 0.125556 0.023750
0 0.669444 0.290000 0.118889 0.025000
0 0.919444 0.289375 0.130000 0.023750
0 0.168889 0.364375 0.097778 0.018750
0 0.419444 0.366250 0.114444 0.025000
0 0.668889 0.365000 0.120000 0.022500
0 0.919444 0.365000 0.130000 0.022500
0 0.168889 0.438750 0.106667 0.022500
0 0.419444 0.440000 0.130000 0.025000
0 0.668889 0.438750 0.133333 0.022500
0 0.919444 0.443125 0.130000 0.016250
0 0.168889 0.517500 0.106667 0.017500
0 0.418889 0.517500 0.148889 0.025000
0 0.668889 0.513750 0.146667 0.022500
0 0.919444 0.515000 0.143333 0.022500
0 0.169444 0.589375 0.132222 0.021250
0 0.418889 0.593125 0.091111 0.018750
0 0.668889 0.588750 0.137778 0.020000
0 0.918889 0.591875 0.115556 0.023750
0 0.168889 0.665625 0.113333 0.021250
0 0.419444 0.664375 0.134444 0.021250
0 0.668889 0.663125 0.133333 0.021250
0 0.918889 0.667500 0.124444 0.017500
0 0.169444 0.737500 0.094444 0.020000
0 0.419444 0.740000 0.121111 0.017500
0 0.669444 0.738750 0.132222 0.017500
0 0.918889 0.737500 0.142222 0.025000
0 0.168889 0.810625 0.115556 0.023750
0 0.419444 0.813125 0.125556 0.021250
0 0.669444 0.814375 0.132222 0.018750
0 0.918889 0.808750 0.133333 0.022500
0 0.169444 0.885000 0.130000 0.022500
0 0.418889 0.886250 0.097778 0.017500
0 0.669444 0.886250 0.118889 0.022500
0 0.918889 0.885625 0.111111 0.016250
0 0.169444 0.956875 0.121111 0.021250
0 0.419444 0.956875 0.112222 0.021250
0 0.669444 0.956875 0.130000 0.023750
0 0.918889 0.956250 0.128889 0.022500