0 0.168889 0.068750 0.148889 0.025000
0 0.419444 0.065000 0.118889 0.022500
0 0.669444 0.065625 0.098889 0.023750
0 0.918889 0.066250 0.106667 0.022500
0 0.168889 0.141250 0.120000 0.022500
0 0.418889 0.140625 0.133333 0.021250
0 0.668889 0.141250 0.128889 0.022500
0 0.918889 0.145000 0.137778 0.017500
0 0.168889 0.216250 0.108889 0.020000
0 0.418889 0.216250 0.097778 0.025000
0 0.668889 0.213750 0.120000 0.022500
0 0.918889 0.216250 0.148889 0.025000
0 0.169444 0.289375 0.130000 0.023750
0 0.419444 0.289375 0.158889 0.023750
0 0.668889 0.287500 0.120000 0.022500
0 0.919444 0.290625 0.136667 0.021250
0 0.168889 0.363750 0.104444 0.017500
0 0.418889 0.366250 0.126667 0.020000
0 0.668889 0.362500 0.120000 0.020000
0 0.918889 0.365000 0.133333 0.025000
0 0.168889 0.438750 0.140000 0.022500
0 0.419444 0.436250 0.118889 0.022500
0 0.669444 0.441250 0.110000 0.020000
0 0.918889 0.438750 0.084444 0.017500
0 0.168889 0.511250 0.144444 0.022500
0 0.419444 0.510625 0.130000 0.023750
0 0.669444 0.510000 0.130000 0.022500
0 0.919444 0.510000 0.141111 0.022500
0 0.169444 0.586250 0.114444 0.025000
0 0.419444 0.585000 0.130000 0.022500
0 0.668889 0.584375 0.128889 0.023750
0 0.919444 0.583125 0.138889 0.021250
0 0.169444 0.657500 0.118889 0.022500
0 0.419444 0.658750 0.143333 0.022500
0 0.669444 0.661250 0.107778 0.025000
0 0.919444 0.663125 0.132222 0.021250
0 0.169444 0.735625 0.130000 0.021250
0 0.419444 0.735625 0.136667 0.021250
0 0.668889 0.736875 0.104444 0.018750
0 0.919444 0.733750 0.138889 0.020000
0 0.169444 0.804375 0.118889 0.023750
0 0.418889 0.804375 0.113333 0.021250
0 0.668889 0.808125 0.124444 0.018750
0 0.919444 0.805625 0.141111 0.021250
0 0.168889 0.881250 0.128889 0.022500
0 0.418889 0.881250 0.095556 0.017500
0 0.668889 0.879375 0.093333 0.021250
0 0.919444 0.879375 0.150000 0.021250
0 0.169444 0.955000 0.145556 0.020000
0 0.419444 0.951875 0.101111 0.021250
0 0.669444 0.951250 0.130000 0.022500
0 0.919444 0.953125 0.121111 0.023750