0 0.169444 0.066875 0.098889 0.018750
0 0.418889 0.065000 0.146667 0.022500
0 0.669444 0.066875 0.130000 0.023750
0 0.919444 0.067500 0.123333 0.025000
0 0.169444 0.143125 0.114444 0.021250
0 0.418889 0.140000 0.106667 0.022500
0 0.668889 0.142500 0.117778 0.025000
0 0.918889 0.140000 0.120000 0.022500
0 0.169444 0.215625 0.118889 0.023750
0 0.419444 0.219375 0.114444 0.018750
0 0.669444 0.216250 0.143333 0.022500
0 0.919444 0.215625 0.130000 0.023750
0 0.169444 0.294375 0.134444 0.021250
0 0.419444 0.291875 0.101111 0.018750
0 0.668889 0.289375 0.120000 0.021250
0 0.919444 0.293750 0.101111 0.020000
0 0.168889 0.360000 0.133333 0.022500
0 0.418889 0.360000 0.120000 0.022500
0 0.669444 0.361250 0.150000 0.020000
0 0.918889 0.363750 0.108889 0.017500
0 0.168889 0.434375 0.144444 0.023750
0 0.419444 0.434375 0.130000 0.023750
0 0.668889 0.433750 0.120000 0.020000
0 0.918889 0.432500 0.120000 0.022500
0 0.169444 0.508125 0.112222 0.021250
0 0.418889 0.510000 0.124444 0.017500
0 0.669444 0.508125 0.116667 0.023750
0 0.919444 0.512500 0.105556 0.017500
0 0.168889 0.580625 0.120000 0.021250
0 0.419444 0.582500 0.158889 0.022500
0 0.668889 0.581250 0.157778 0.022500
0 0.918889 0.580625 0.120000 0.021250
0 0.169444 0.654375 0.116667 0.023750
0 0.419444 0.656250 0.103333 0.017500
0 0.669444 0.654375 0.130000 0.023750
0 0.918889 0.655000 0.117778 0.025000
0 0.169444 0.729375 0.125556 0.026250
0 0.419444 0.731250 0.123333 0.025000
0 0.669444 0.728750 0.092222 0.020000
0 0.919444 0.729375 0.112222 0.023750
0 0.168889 0.808125 0.128889 0.021250
0 0.418889 0.806875 0.111111 0.016250
0 0.668889 0.806250 0.144444 0.022500
0 0.918889 0.805000 0.128889 0.022500
0 0.168889 0.879375 0.113333 0.016250
0 0.419444 0.878750 0.158889 0.022500
0 0.668889 0.878125 0.111111 0.023750
0 0.919444 0.876875 0.118889 0.023750
0 0.168889 0.950625 0.120000 0.021250
0 0.418889 0.950625 0.120000 0.021250
0 0.669444 0.954375 0.123333 0.016250
0 0.919444 0.953750 0.107778 0.025000