0 0.168889 0.067500 0.104444 0.017500
0 0.418889 0.066875 0.144444 0.023750
0 0.668889 0.065625 0.144444 0.023750
0 0.919444 0.065625 0.125556 0.021250
0 0.169444 0.140625 0.130000 0.023750
0 0.419444 0.138750 0.105556 0.022500
0 0.669444 0.141875 0.105556 0.023750
0 0.918889 0.138750 0.120000 0.022500
0 0.169444 0.216875 0.105556 0.021250
0 0.419444 0.217500 0.127778 0.020000
0 0.669444 0.217500 0.118889 0.020000
0 0.919444 0.216875 0.127778 0.018750
0 0.169444 0.285625 0.107778 0.023750
0 0.418889 0.287500 0.126667 0.017500
0 0.669444 0.284375 0.130000 0.023750
0 0.919444 0.288125 0.125556 0.021250
0 0.168889 0.360625 0.113333 0.016250
0 0.418889 0.358125 0.097778 0.018750
0 0.668889 0.358125 0.120000 0.021250
0 0.918889 0.358750 0.120000 0.022500
0 0.168889 0.435625 0.133333 0.021250
0 0.418889 0.435000 0.113333 0.020000
0 0.668889 0.432500 0.077778 0.017500
0 0.918889 0.430625 0.120000 0.021250
0 0.168889 0.503125 0.124444 0.023750
0 0.419444 0.502500 0.143333 0.022500
0 0.668889 0.506250 0.120000 0.017500
0 0.919444 0.505000 0.114444 0.017500
0 0.169444 0.575625 0.138889 0.021250
0 0.418889 0.578125 0.113333 0.016250
0 0.669444 0.580000 0.143333 0.020000
0 0.919444 0.576875 0.130000 0.023750
0 0.168889 0.648750 0.133333 0.022500
0 0.419444 0.649375 0.118889 0.023750
0 0.669444 0.648750 0.105556 0.022500
0 0.918889 0.653125 0.120000 0.018750
0 0.168889 0.722500 0.133333 0.022500
0 0.419444 0.724375 0.130000 0.023750
0 0.669444 0.726875 0.118889 0.021250
0 0.919444 0.724375 0.158889 0.023750
0 0.169444 0.800625 0.121111 0.018750
0 0.418889 0.798125 0.113333 0.023750
0 0.668889 0.800625 0.106667 0.018750
0 0.919444 0.800000 0.118889 0.022500
0 0.168889 0.872500 0.144444 0.022500
0 0.419444 0.870625 0.145556 0.021250
0 0.669444 0.870000 0.105556 0.022500
0 0.918889 0.870625 0.100000 0.021250
0 0.168889 0.945625 0.131111 0.023750
0 0.419444 0.946250 0.121111 0.017500
0 0.668889 0.947500 0.137778 0.017500
0 0.919444 0.946875 0.130000 0.016250