0 0.169444 0.066875 0.141111 0.021250
0 0.418889 0.065000 0.124444 0.020000
0 0.669444 0.068750 0.114444 0.022500
0 0.919444 0.068750 0.118889 0.022500
0 0.169444 0.138750 0.130000 0.022500
0 0.418889 0.142500 0.111111 0.017500
0 0.668889 0.141875 0.126667 0.016250
0 0.919444 0.138750 0.143333 0.022500
0 0.169444 0.210000 0.105556 0.022500
0 0.419444 0.210625 0.118889 0.023750
0 0.668889 0.210625 0.120000 0.021250
0 0.919444 0.213125 0.110000 0.018750
0 0.169444 0.285000 0.130000 0.022500
0 0.418889 0.286875 0.131111 0.023750
0 0.668889 0.286250 0.117778 0.025000
0 0.919444 0.285000 0.130000 0.025000
0 0.169444 0.360000 0.118889 0.025000
0 0.418889 0.360000 0.115556 0.022500
0 0.668889 0.360625 0.128889 0.023750
0 0.918889 0.359375 0.120000 0.021250
0 0.168889 0.439375 0.113333 0.021250
0 0.418889 0.434375 0.120000 0.021250
0 0.669444 0.438750 0.132222 0.017500
0 0.918889 0.436875 0.095556 0.018750
0 0.169444 0.506875 0.130000 0.021250
0 0.419444 0.510000 0.134444 0.020000
0 0.668889 0.506250 0.111111 0.020000
0 0.918889 0.506875 0.115556 0.023750
0 0.169444 0.582500 0.123333 0.025000
0 0.418889 0.584375 0.135556 0.016250
0 0.668889 0.584375 0.133333 0.021250
0 0.919444 0.579375 0.105556 0.023750
0 0.168889 0.654375 0.120000 0.021250
0 0.419444 0.655625 0.143333 0.021250
0 0.669444 0.659375 0.134444 0.021250
0 0.919444 0.655000 0.138889 0.020000
0 0.169444 0.725625 0.130000 0.023750
0 0.418889 0.727500 0.091111 0.017500
0 0.669444 0.726250 0.130000 0.022500
0 0.918889 0.730625 0.106667 0.021250
0 0.168889 0.802500 0.142222 0.025000
0 0.419444 0.800000 0.130000 0.022500
0 0.669444 0.800625 0.158889 0.023750
0 0.919444 0.800000 0.143333 0.022500
0 0.169444 0.877500 0.123333 0.017500
0 0.419444 0.876250 0.116667 0.022500
0 0.668889 0.878750 0.131111 0.020000
0 0.918889 0.874375 0.146667 0.021250
0 0.168889 0.949375 0.111111 0.016250
0 0.419444 0.947500 0.141111 0.020000
0 0.669444 0.950625 0.098889 0.018750
0 0.918889 0.948125 0.124444 0.023750