0 0.168889 0.067500 0.093333 0.025000
0 0.418889 0.065625 0.111111 0.023750
0 0.668889 0.068750 0.128889 0.022500
0 0.919444 0.070000 0.121111 0.017500
0 0.169444 0.141875 0.116667 0.023750
0 0.418889 0.140625 0.100000 0.021250
0 0.669444 0.141875 0.112222 0.021250
0 0.918889 0.145000 0.133333 0.017500
0 0.168889 0.214375 0.117778 0.018750
0 0.418889 0.216250 0.097778 0.025000
0 0.668889 0.216875 0.111111 0.016250
0 0.918889 0.214375 0.113333 0.023750
0 0.169444 0.289375 0.125556 0.023750
0 0.419444 0.290000 0.130000 0.022500
0 0.668889 0.289375 0.113333 0.021250
0 0.919444 0.290625 0.158889 0.023750
0 0.168889 0.368125 0.133333 0.021250
0 0.419444 0.368125 0.141111 0.018750
0 0.668889 0.368125 0.151111 0.021250
0 0.919444 0.365000 0.118889 0.025000
0 0.168889 0.438750 0.133333 0.022500
0 0.418889 0.438125 0.120000 0.021250
0 0.669444 0.441875 0.127778 0.021250
0 0.918889 0.440000 0.124444 0.025000
0 0.168889 0.512500 0.133333 0.022500
0 0.418889 0.516875 0.137778 0.016250
0 0.668889 0.517500 0.113333 0.022500
0 0.918889 0.512500 0.146667 0.022500
0 0.169444 0.586875 0.143333 0.023750
0 0.418889 0.590000 0.122222 0.020000
0 0.669444 0.586875 0.121111 0.021250
0 0.918889 0.586875 0.115556 0.023750
0 0.168889 0.660625 0.115556 0.023750
0 0.419444 0.662500 0.123333 0.025000
0 0.669444 0.660000 0.130000 0.022500
0 0.919444 0.660000 0.130000 0.022500
0 0.169444 0.735625 0.112222 0.023750
0 0.419444 0.735625 0.130000 0.023750
0 0.669444 0.735625 0.130000 0.023750
0 0.918889 0.736875 0.111111 0.016250
0 0.168889 0.808750 0.115556 0.022500
0 0.418889 0.808750 0.131111 0.020000
0 0.669444 0.812500 0.121111 0.020000
0 0.918889 0.809375 0.115556 0.023750
0 0.168889 0.884375 0.111111 0.016250
0 0.418889 0.885625 0.106667 0.018750
0 0.669444 0.882500 0.143333 0.022500
0 0.919444 0.882500 0.143333 0.022500
0 0.168889 0.956875 0.111111 0.016250
0 0.418889 0.958125 0.113333 0.018750
0 0.668889 0.956875 0.146667 0.023750
0 0.918889 0.958750 0.133333 0.017500