0 0.169444 0.069375 0.110000 0.021250
0 0.418889 0.065625 0.120000 0.021250
0 0.669444 0.066250 0.130000 0.022500
0 0.919444 0.068750 0.121111 0.017500
0 0.169444 0.139375 0.130000 0.023750
0 0.419444 0.140625 0.087778 0.016250
0 0.669444 0.137500 0.118889 0.022500
0 0.918889 0.137500 0.133333 0.022500
0 0.169444 0.213750 0.116667 0.022500
0 0.418889 0.215000 0.131111 0.025000
0 0.669444 0.215000 0.118889 0.022500
0 0.918889 0.211875 0.133333 0.021250
0 0.168889 0.290625 0.128889 0.018750
0 0.419444 0.290000 0.121111 0.017500
0 0.668889 0.290625 0.091111 0.018750
0 0.919444 0.288750 0.138889 0.025000
0 0.169444 0.363750 0.116667 0.022500
0 0.419444 0.365000 0.110000 0.017500
0 0.669444 0.365000 0.121111 0.017500
0 0.918889 0.363750 0.097778 0.017500
0 0.168889 0.438125 0.104444 0.018750
0 0.418889 0.436250 0.144444 0.022500
0 0.668889 0.435000 0.115556 0.025000
0 0.919444 0.439375 0.121111 0.016250
0 0.169444 0.508750 0.118889 0.022500
0 0.419444 0.511875 0.072222 0.018750
0 0.669444 0.509375 0.130000 0.023750
0 0.919444 0.512500 0.112222 0.017500
0 0.168889 0.586875 0.113333 0.018750
0 0.419444 0.583125 0.138889 0.021250
0 0.668889 0.585625 0.111111 0.016250
0 0.918889 0.583125 0.100000 0.021250
0 0.169444 0.655000 0.150000 0.022500
0 0.419444 0.655625 0.158889 0.023750
0 0.668889 0.656875 0.095556 0.018750
0 0.919444 0.654375 0.145556 0.021250
0 0.168889 0.731875 0.128889 0.021250
0 0.419444 0.730625 0.096667 0.016250
0 0.669444 0.731875 0.118889 0.021250
0 0.918889 0.728125 0.113333 0.021250
0 0.168889 0.801250 0.102222 0.025000
0 0.419444 0.801250 0.158889 0.022500
0 0.668889 0.799375 0.133333 0.021250
0 0.918889 0.802500 0.120000 0.025000
0 0.169444 0.879375 0.141111 0.018750
0 0.419444 0.877500 0.118889 0.022500
0 0.668889 0.876250 0.144444 0.022500
0 0.918889 0.875000 0.115556 0.022500
0 0.169444 0.948750 0.130000 0.025000
0 0.418889 0.947500 0.120000 0.020000
0 0.669444 0.950000 0.127778 0.017500
0 0.919444 0.951875 0.125556 0.018750