0 0.169444 0.066250 0.123333 0.020000
0 0.419444 0.065625 0.138889 0.018750
0 0.669444 0.066875 0.125556 0.026250
0 0.918889 0.065625 0.133333 0.021250
0 0.169444 0.143125 0.114444 0.021250
0 0.419444 0.143750 0.130000 0.025000
0 0.669444 0.141875 0.130000 0.023750
0 0.919444 0.144375 0.114444 0.021250
0 0.169444 0.217500 0.143333 0.022500
0 0.418889 0.218125 0.124444 0.023750
0 0.669444 0.217500 0.125556 0.020000
0 0.918889 0.216875 0.133333 0.021250
0 0.169444 0.293125 0.098889 0.016250
0 0.418889 0.290625 0.133333 0.021250
0 0.669444 0.291250 0.143333 0.022500
0 0.918889 0.295625 0.115556 0.021250
0 0.168889 0.365000 0.111111 0.022500
0 0.419444 0.365625 0.114444 0.021250
0 0.668889 0.363125 0.120000 0.021250
0 0.918889 0.366875 0.128889 0.021250
0 0.169444 0.439375 0.105556 0.018750
0 0.419444 0.437500 0.130000 0.025000
0 0.669444 0.436875 0.116667 0.023750
0 0.918889 0.436250 0.144444 0.025000
0 0.168889 0.511250 0.117778 0.020000
0 0.418889 0.510625 0.120000 0.021250
0 0.669444 0.511875 0.134444 0.021250
0 0.918889 0.513750 0.135556 0.025000
0 0.169444 0.588125 0.105556 0.023750
0 0.419444 0.590625 0.132222 0.018750
0 0.669444 0.586250 0.143333 0.022500
0 0.919444 0.588125 0.101111 0.018750
0 0.169444 0.660000 0.123333 0.020000
0 0.418889 0.658750 0.120000 0.022500
0 0.668889 0.661250 0.144444 0.022500
0 0.919444 0.663750 0.125556 0.022500
0 0.168889 0.731250 0.120000 0.022500
0 0.418889 0.734375 0.131111 0.023750
0 0.669444 0.731875 0.158889 0.021250
0 0.918889 0.731875 0.144444 0.023750
0 0.168889 0.807500 0.144444 0.022500
0 0.418889 0.808125 0.131111 0.023750
0 0.669444 0.806875 0.158889 0.023750
0 0.918889 0.807500 0.144444 0.022500
0 0.169444 0.881250 0.130000 0.022500
0 0.419444 0.883125 0.112222 0.018750
0 0.669444 0.880625 0.141111 0.021250
0 0.919444 0.883750 0.121111 0.017500
0 0.168889 0.953125 0.102222 0.018750
0 0.419444 0.952500 0.130000 0.025000
0 0.668889 0.953750 0.104444 0.017500
0 0.919444 0.953125 0.107778 0.023750