0 0.168889 0.068125 0.115556 0.021250
0 0.419444 0.066250 0.143333 0.022500
0 0.669444 0.066875 0.121111 0.021250
0 0.919444 0.066875 0.116667 0.023750
0 0.168889 0.142500 0.102222 0.017500
0 0.418889 0.141875 0.111111 0.021250
0 0.668889 0.139375 0.097778 0.018750
0 0.919444 0.141250 0.130000 0.022500
0 0.169444 0.211875 0.098889 0.023750
0 0.419444 0.213750 0.118889 0.025000
0 0.668889 0.211250 0.120000 0.022500
0 0.919444 0.214375 0.103333 0.018750
0 0.168889 0.290000 0.120000 0.025000
0 0.419444 0.291250 0.107778 0.020000
0 0.668889 0.287500 0.157778 0.022500
0 0.919444 0.287500 0.101111 0.025000
0 0.169444 0.362500 0.130000 0.022500
0 0.418889 0.365000 0.120000 0.025000
0 0.668889 0.361250 0.106667 0.022500
0 0.919444 0.365000 0.123333 0.025000
0 0.169444 0.437500 0.105556 0.025000
0 0.418889 0.436875 0.146667 0.021250
0 0.668889 0.437500 0.157778 0.022500
0 0.919444 0.438125 0.130000 0.023750
0 0.168889 0.513125 0.111111 0.023750
0 0.418889 0.513125 0.115556 0.023750
0 0.669444 0.515625 0.107778 0.021250
0 0.918889 0.511875 0.120000 0.021250
0 0.168889 0.588750 0.106667 0.020000
0 0.419444 0.586875 0.130000 0.023750
0 0.669444 0.586250 0.143333 0.022500
0 0.918889 0.585625 0.133333 0.021250
0 0.169444 0.660625 0.158889 0.023750
0 0.419444 0.661875 0.110000 0.018750
0 0.668889 0.662500 0.102222 0.017500
0 0.919444 0.660000 0.092222 0.020000
0 0.169444 0.734375 0.114444 0.021250
0 0.419444 0.734375 0.125556 0.026250
0 0.669444 0.736875 0.121111 0.016250
0 0.918889 0.737500 0.120000 0.020000
0 0.169444 0.810000 0.130000 0.022500
0 0.418889 0.810625 0.144444 0.023750
0 0.668889 0.811875 0.146667 0.023750
0 0.919444 0.810625 0.130000 0.023750
0 0.169444 0.886875 0.107778 0.021250
0 0.418889 0.883125 0.113333 0.023750
0 0.669444 0.887500 0.103333 0.020000
0 0.919444 0.888750 0.125556 0.017500
0 0.168889 0.958125 0.111111 0.026250
0 0.418889 0.960000 0.100000 0.017500
0 0.669444 0.961875 0.134444 0.021250
0 0.919444 0.960000 0.118889 0.022500