0 0.168889 0.065000 0.100000 0.020000
0 0.418889 0.068750 0.108889 0.025000
0 0.668889 0.069375 0.113333 0.018750
0 0.919444 0.066875 0.098889 0.021250
0 0.169444 0.143125 0.130000 0.021250
0 0.418889 0.142500 0.140000 0.022500
0 0.668889 0.143750 0.124444 0.017500
0 0.918889 0.141875 0.093333 0.018750
0 0.169444 0.216250 0.105556 0.020000
0 0.419444 0.215000 0.130000 0.025000
0 0.669444 0.215625 0.121111 0.023750
0 0.918889 0.217500 0.126667 0.020000
0 0.168889 0.288750 0.157778 0.022500
0 0.418889 0.292500 0.120000 0.017500
0 0.668889 0.288125 0.115556 0.023750
0 0.918889 0.288750 0.115556 0.025000
0 0.169444 0.367500 0.127778 0.020000
0 0.419444 0.363125 0.130000 0.023750
0 0.668889 0.363750 0.128889 0.022500
0 0.918889 0.366250 0.128889 0.017500
0 0.169444 0.438125 0.130000 0.021250
0 0.418889 0.438125 0.115556 0.023750
0 0.668889 0.438750 0.115556 0.022500
0 0.918889 0.440000 0.108889 0.020000
0 0.168889 0.510000 0.120000 0.022500
0 0.419444 0.510625 0.145556 0.021250
0 0.669444 0.514375 0.098889 0.018750
0 0.919444 0.511875 0.118889 0.023750
0 0.169444 0.587500 0.098889 0.020000
0 0.418889 0.588125 0.100000 0.016250
0 0.669444 0.585000 0.130000 0.022500
0 0.919444 0.585625 0.081111 0.018750
0 0.169444 0.658125 0.121111 0.021250
0 0.419444 0.656875 0.130000 0.023750
0 0.668889 0.660000 0.091111 0.020000
0 0.918889 0.661250 0.128889 0.020000
0 0.169444 0.733750 0.094444 0.020000
0 0.418889 0.733125 0.111111 0.016250
0 0.669444 0.731250 0.141111 0.020000
0 0.919444 0.731875 0.130000 0.021250
0 0.168889 0.801875 0.137778 0.021250
0 0.419444 0.803125 0.123333 0.023750
0 0.669444 0.804375 0.110000 0.018750
0 0.918889 0.804375 0.146667 0.023750
0 0.168889 0.879375 0.113333 0.016250
0 0.419444 0.876875 0.158889 0.023750
0 0.669444 0.881250 0.125556 0.017500
0 0.918889 0.876875 0.111111 0.026250
0 0.169444 0.954375 0.114444 0.021250
0 0.418889 0.953125 0.144444 0.023750
0 0.669444 0.953125 0.141111 0.021250
0 0.919444 0.954375 0.101111 0.021250