0 0.168889 0.067500 0.102222 0.022500
0 0.419444 0.066875 0.141111 0.021250
0 0.669444 0.066250 0.130000 0.025000
0 0.919444 0.065625 0.130000 0.023750
0 0.168889 0.141875 0.126667 0.021250
0 0.418889 0.142500 0.102222 0.022500
0 0.669444 0.144375 0.107778 0.021250
0 0.918889 0.143125 0.095556 0.018750
0 0.169444 0.215000 0.130000 0.022500
0 0.419444 0.214375 0.107778 0.021250
0 0.669444 0.215625 0.121111 0.023750
0 0.918889 0.215000 0.104444 0.017500
0 0.168889 0.286875 0.146667 0.021250
0 0.418889 0.288125 0.093333 0.021250
0 0.669444 0.289375 0.098889 0.016250
0 0.919444 0.291250 0.145556 0.020000
0 0.168889 0.357500 0.120000 0.022500
0 0.418889 0.357500 0.106667 0.022500
0 0.668889 0.360000 0.144444 0.022500
0 0.919444 0.359375 0.123333 0.023750
0 0.168889 0.431250 0.120000 0.022500
0 0.419444 0.434375 0.103333 0.018750
0 0.669444 0.437500 0.132222 0.017500
0 0.918889 0.436250 0.128889 0.017500
0 0.168889 0.504375 0.120000 0.021250
0 0.419444 0.505625 0.130000 0.023750
0 0.669444 0.506875 0.121111 0.016250
0 0.918889 0.505625 0.144444 0.023750
0 0.168889 0.581875 0.126667 0.016250
0 0.418889 0.579375 0.097778 0.023750
0 0.669444 0.582500 0.145556 0.020000
0 0.919444 0.578750 0.130000 0.022500
0 0.169444 0.656250 0.134444 0.020000
0 0.418889 0.651250 0.133333 0.022500
0 0.668889 0.653125 0.115556 0.023750
0 0.918889 0.657500 0.122222 0.017500
0 0.168889 0.725000 0.106667 0.022500
0 0.418889 0.725000 0.120000 0.022500
0 0.669444 0.726250 0.143333 0.022500
0 0.918889 0.726875 0.144444 0.023750
0 0.169444 0.801250 0.103333 0.025000
0 0.419444 0.800000 0.143333 0.022500
0 0.669444 0.800000 0.143333 0.022500
0 0.918889 0.804375 0.115556 0.021250
0 0.168889 0.874375 0.115556 0.023750
0 0.418889 0.875625 0.115556 0.023750
0 0.669444 0.874375 0.138889 0.021250
0 0.919444 0.876250 0.130000 0.022500
0 0.169444 0.949375 0.098889 0.021250
0 0.419444 0.952500 0.118889 0.020000
0 0.668889 0.948750 0.115556 0.022500
0 0.919444 0.953125 0.121111 0.016250