0 0.168889 0.066250 0.128889 0.022500
0 0.419444 0.068750 0.090000 0.022500
0 0.669444 0.066875 0.130000 0.023750
0 0.918889 0.070625 0.133333 0.021250
0 0.168889 0.138750 0.120000 0.022500
0 0.419444 0.141250 0.130000 0.022500
0 0.668889 0.140000 0.106667 0.022500
0 0.918889 0.140000 0.131111 0.020000
0 0.169444 0.213125 0.130000 0.023750
0 0.418889 0.213125 0.115556 0.023750
0 0.668889 0.213125 0.144444 0.023750
0 0.919444 0.216875 0.101111 0.016250
0 0.169444 0.288750 0.123333 0.025000
0 0.418889 0.286250 0.120000 0.020000
0 0.668889 0.285000 0.120000 0.022500
0 0.918889 0.288750 0.124444 0.025000
0 0.168889 0.361250 0.133333 0.022500
0 0.419444 0.363125 0.114444 0.021250
0 0.668889 0.362500 0.084444 0.017500
0 0.919444 0.360625 0.101111 0.021250
0 0.169444 0.435625 0.110000 0.018750
0 0.419444 0.435625 0.114444 0.021250
0 0.669444 0.434375 0.141111 0.021250
0 0.919444 0.434375 0.130000 0.023750
0 0.169444 0.511250 0.134444 0.017500
0 0.418889 0.507500 0.157778 0.022500
0 0.669444 0.507500 0.130000 0.022500
0 0.919444 0.509375 0.121111 0.023750
0 0.168889 0.581250 0.131111 0.020000
0 0.418889 0.581250 0.144444 0.025000
0 0.668889 0.580000 0.106667 0.022500
0 0.919444 0.581250 0.143333 0.022500
0 0.168889 0.661250 0.133333 0.017500
0 0.418889 0.656875 0.144444 0.023750
0 0.668889 0.656875 0.108889 0.023750
0 0.919444 0.660000 0.134444 0.022500
0 0.168889 0.728750 0.131111 0.020000
0 0.419444 0.730000 0.152222 0.020000
0 0.668889 0.729375 0.120000 0.021250
0 0.919444 0.733125 0.118889 0.018750
0 0.168889 0.800625 0.113333 0.021250
0 0.418889 0.803750 0.133333 0.025000
0 0.668889 0.803750 0.106667 0.020000
0 0.918889 0.800625 0.093333 0.021250
0 0.168889 0.875625 0.113333 0.023750
0 0.419444 0.876250 0.130000 0.025000
0 0.669444 0.877500 0.118889 0.025000
0 0.919444 0.876250 0.130000 0.025000
0 0.168889 0.951250 0.128889 0.022500
0 0.419444 0.952500 0.158889 0.025000
0 0.668889 0.951875 0.135556 0.021250
0 0.918889 0.953125 0.111111 0.016250