0 0.169444 0.070000 0.121111 0.017500
0 0.418889 0.068125 0.111111 0.016250
0 0.668889 0.066250 0.115556 0.022500
0 0.918889 0.067500 0.102222 0.022500
0 0.169444 0.138750 0.143333 0.022500
0 0.418889 0.138750 0.115556 0.022500
0 0.669444 0.142500 0.134444 0.017500
0 0.919444 0.142500 0.118889 0.020000
0 0.168889 0.211250 0.100000 0.020000
0 0.418889 0.211875 0.144444 0.023750
0 0.669444 0.212500 0.114444 0.025000
0 0.919444 0.211875 0.130000 0.023750
0 0.169444 0.290000 0.136667 0.017500
0 0.419444 0.285625 0.130000 0.023750
0 0.668889 0.288125 0.115556 0.021250
0 0.918889 0.288750 0.128889 0.022500
0 0.168889 0.358750 0.146667 0.022500
0 0.418889 0.359375 0.120000 0.021250
0 0.669444 0.360625 0.112222 0.021250
0 0.919444 0.359375 0.110000 0.021250
0 0.168889 0.432500 0.120000 0.022500
0 0.419444 0.436250 0.134444 0.017500
0 0.668889 0.433125 0.124444 0.023750
0 0.918889 0.433125 0.144444 0.023750
0 0.169444 0.508750 0.087778 0.015000
0 0.418889 0.505000 0.120000 0.022500
0 0.668889 0.505000 0.131111 0.020000
0 0.919444 0.507500 0.134444 0.025000
0 0.168889 0.581250 0.133333 0.022500
0 0.418889 0.582500 0.124444 0.025000
0 0.669444 0.582500 0.130000 0.022500
0 0.918889 0.584375 0.131111 0.016250
0 0.168889 0.657500 0.115556 0.022500
0 0.418889 0.656250 0.128889 0.022500
0 0.668889 0.655625 0.133333 0.021250
0 0.919444 0.658125 0.136667 0.021250
0 0.169444 0.729375 0.125556 0.026250
0 0.419444 0.729375 0.134444 0.021250
0 0.669444 0.729375 0.130000 0.023750
0 0.918889 0.732500 0.126667 0.020000
0 0.169444 0.808125 0.127778 0.021250
0 0.418889 0.808125 0.111111 0.021250
0 0.668889 0.805000 0.128889 0.022500
0 0.919444 0.806875 0.121111 0.023750
0 0.168889 0.883125 0.106667 0.021250
0 0.419444 0.879375 0.130000 0.023750
0 0.668889 0.882500 0.124444 0.017500
0 0.919444 0.881875 0.112222 0.018750
0 0.168889 0.956250 0.131111 0.017500
0 0.419444 0.953125 0.143333 0.021250
0 0.669444 0.953125 0.125556 0.026250
0 0.918889 0.953125 0.144444 0.023750