0 0.168889 0.065625 0.115556 0.023750
0 0.418889 0.067500 0.117778 0.017500
0 0.668889 0.065000 0.120000 0.022500
0 0.919444 0.067500 0.118889 0.025000
0 0.168889 0.140000 0.144444 0.020000
0 0.419444 0.143750 0.114444 0.022500
0 0.669444 0.143125 0.105556 0.023750
0 0.919444 0.141250 0.130000 0.022500
0 0.168889 0.219375 0.140000 0.018750
0 0.418889 0.215000 0.115556 0.022500
0 0.668889 0.213750 0.100000 0.020000
0 0.918889 0.214375 0.120000 0.021250
0 0.168889 0.286875 0.080000 0.018750
0 0.418889 0.288125 0.144444 0.023750
0 0.668889 0.291250 0.120000 0.017500
0 0.918889 0.286250 0.133333 0.022500
0 0.168889 0.363750 0.120000 0.025000
0 0.419444 0.361875 0.112222 0.021250
0 0.669444 0.361875 0.130000 0.023750
0 0.918889 0.363125 0.088889 0.018750
0 0.168889 0.436250 0.120000 0.022500
0 0.418889 0.438750 0.128889 0.022500
0 0.669444 0.437500 0.158889 0.022500
0 0.919444 0.438750 0.123333 0.017500
0 0.168889 0.509375 0.115556 0.023750
0 0.418889 0.509375 0.115556 0.023750
0 0.668889 0.511250 0.128889 0.022500
0 0.919444 0.507500 0.105556 0.022500
0 0.168889 0.585625 0.113333 0.018750
0 0.419444 0.582500 0.130000 0.022500
0 0.668889 0.581250 0.133333 0.022500
0 0.918889 0.585625 0.126667 0.021250
0 0.168889 0.656875 0.131111 0.023750
0 0.419444 0.658125 0.127778 0.021250
0 0.669444 0.658125 0.130000 0.018750
0 0.919444 0.656875 0.136667 0.021250
0 0.169444 0.733125 0.132222 0.021250
0 0.418889 0.728750 0.131111 0.020000
0 0.668889 0.727500 0.131111 0.020000
0 0.919444 0.731875 0.105556 0.018750
0 0.169444 0.798750 0.118889 0.022500
0 0.419444 0.800000 0.107778 0.020000
0 0.668889 0.801875 0.115556 0.023750
0 0.919444 0.800000 0.130000 0.025000
0 0.169444 0.876250 0.130000 0.022500
0 0.419444 0.875625 0.143333 0.021250
0 0.668889 0.875000 0.106667 0.022500
0 0.918889 0.876875 0.115556 0.023750
0 0.169444 0.953125 0.121111 0.018750
0 0.419444 0.951250 0.114444 0.025000
0 0.669444 0.952500 0.121111 0.017500
0 0.919444 0.948750 0.130000 0.022500