0 0.168889 0.068125 0.131111 0.023750
0 0.418889 0.071250 0.137778 0.017500
0 0.669444 0.066250 0.130000 0.022500
0 0.919444 0.066875 0.130000 0.023750
0 0.169444 0.143125 0.125556 0.021250
0 0.418889 0.143750 0.124444 0.017500
0 0.669444 0.140000 0.130000 0.025000
0 0.919444 0.139375 0.125556 0.023750
0 0.169444 0.216250 0.105556 0.022500
0 0.419444 0.218750 0.145556 0.020000
0 0.668889 0.215000 0.157778 0.022500
0 0.919444 0.214375 0.130000 0.023750
0 0.169444 0.288750 0.143333 0.022500
0 0.418889 0.291250 0.122222 0.017500
0 0.668889 0.288125 0.113333 0.023750
0 0.918889 0.290000 0.144444 0.022500
0 0.168889 0.366250 0.128889 0.020000
0 0.419444 0.363125 0.130000 0.023750
0 0.669444 0.363125 0.130000 0.023750
0 0.918889 0.362500 0.157778 0.022500
0 0.169444 0.437500 0.130000 0.022500
0 0.418889 0.436250 0.115556 0.025000
0 0.669444 0.436875 0.130000 0.023750
0 0.919444 0.438125 0.121111 0.023750
0 0.169444 0.514375 0.105556 0.018750
0 0.418889 0.513125 0.131111 0.023750
0 0.669444 0.514375 0.112222 0.016250
0 0.918889 0.510625 0.120000 0.021250
0 0.169444 0.586875 0.121111 0.016250
0 0.419444 0.585625 0.141111 0.021250
0 0.668889 0.589375 0.135556 0.018750
0 0.919444 0.586875 0.123333 0.021250
0 0.169444 0.658125 0.121111 0.023750
0 0.418889 0.655625 0.133333 0.021250
0 0.668889 0.659375 0.100000 0.018750
0 0.919444 0.656875 0.130000 0.023750
0 0.169444 0.731875 0.096667 0.021250
0 0.418889 0.728750 0.120000 0.022500
0 0.669444 0.730000 0.130000 0.022500
0 0.919444 0.731875 0.110000 0.018750
0 0.169444 0.803750 0.130000 0.022500
0 0.418889 0.805625 0.131111 0.016250
0 0.668889 0.805000 0.128889 0.022500
0 0.918889 0.805000 0.133333 0.025000
0 0.168889 0.876875 0.120000 0.021250
0 0.419444 0.880000 0.118889 0.022500
0 0.668889 0.882500 0.128889 0.017500
0 0.919444 0.878750 0.107778 0.025000
0 0.168889 0.954375 0.131111 0.023750
0 0.419444 0.953750 0.158889 0.025000
0 0.668889 0.951875 0.093333 0.021250
0 0.918889 0.955000 0.128889 0.022500