0 0.169444 0.066875 0.158889 0.023750
0 0.418889 0.066875 0.144444 0.023750
0 0.669444 0.066250 0.105556 0.025000
0 0.919444 0.066250 0.123333 0.020000
0 0.169444 0.145000 0.121111 0.017500
0 0.418889 0.141250 0.115556 0.022500
0 0.668889 0.143125 0.100000 0.016250
0 0.918889 0.140625 0.146667 0.021250
0 0.169444 0.213750 0.130000 0.022500
0 0.419444 0.216250 0.114444 0.022500
0 0.668889 0.213125 0.106667 0.021250
0 0.919444 0.215000 0.130000 0.022500
0 0.168889 0.286875 0.093333 0.021250
0 0.418889 0.286250 0.133333 0.022500
0 0.668889 0.289375 0.106667 0.018750
0 0.918889 0.286250 0.128889 0.022500
0 0.169444 0.359375 0.125556 0.023750
0 0.418889 0.358125 0.100000 0.021250
0 0.669444 0.357500 0.105556 0.022500
0 0.919444 0.358750 0.130000 0.025000
0 0.168889 0.436250 0.102222 0.017500
0 0.418889 0.434375 0.144444 0.023750
0 0.668889 0.436250 0.117778 0.025000
0 0.918889 0.433750 0.120000 0.022500
0 0.168889 0.508125 0.120000 0.021250
0 0.419444 0.508750 0.130000 0.025000
0 0.669444 0.511250 0.110000 0.017500
0 0.919444 0.511875 0.110000 0.021250
0 0.168889 0.584375 0.113333 0.023750
0 0.419444 0.586250 0.136667 0.025000
0 0.669444 0.587500 0.101111 0.020000
0 0.919444 0.583125 0.123333 0.021250
0 0.169444 0.658125 0.145556 0.021250
0 0.419444 0.657500 0.118889 0.022500
0 0.669444 0.660000 0.130000 0.025000
0 0.919444 0.659375 0.143333 0.023750
0 0.169444 0.738125 0.134444 0.018750
0 0.419444 0.735625 0.123333 0.021250
0 0.669444 0.738125 0.121111 0.016250
0 0.918889 0.733125 0.157778 0.021250
0 0.168889 0.806250 0.115556 0.022500
0 0.419444 0.804375 0.130000 0.023750
0 0.669444 0.806875 0.101111 0.018750
0 0.919444 0.805625 0.101111 0.018750
0 0.169444 0.879375 0.134444 0.021250
0 0.418889 0.880000 0.097778 0.017500
0 0.669444 0.881250 0.125556 0.025000
0 0.919444 0.878125 0.130000 0.023750
0 0.169444 0.956250 0.114444 0.022500
0 0.418889 0.953750 0.144444 0.025000
0 0.669444 0.955000 0.130000 0.022500
0 0.919444 0.954375 0.130000 0.023750