0 0.169444 0.069375 0.121111 0.016250
0 0.419444 0.068125 0.123333 0.021250
0 0.669444 0.069375 0.118889 0.021250
0 0.919444 0.066875 0.130000 0.023750
0 0.168889 0.140000 0.111111 0.020000
0 0.418889 0.139375 0.133333 0.021250
0 0.669444 0.142500 0.123333 0.025000
0 0.918889 0.139375 0.120000 0.021250
0 0.168889 0.213750 0.093333 0.022500
0 0.418889 0.217500 0.097778 0.017500
0 0.668889 0.217500 0.131111 0.025000
0 0.918889 0.218750 0.124444 0.017500
0 0.169444 0.291250 0.118889 0.025000
0 0.418889 0.293125 0.128889 0.021250
0 0.668889 0.291875 0.086667 0.018750
0 0.918889 0.289375 0.140000 0.021250
0 0.169444 0.368750 0.121111 0.017500
0 0.419444 0.368125 0.125556 0.021250
0 0.668889 0.365000 0.133333 0.022500
0 0.918889 0.367500 0.122222 0.017500
0 0.169444 0.437500 0.098889 0.020000
0 0.418889 0.437500 0.131111 0.020000
0 0.669444 0.437500 0.138889 0.020000
0 0.918889 0.438750 0.104444 0.017500
0 0.169444 0.509375 0.110000 0.018750
0 0.419444 0.508125 0.112222 0.021250
0 0.669444 0.508750 0.096667 0.017500
0 0.919444 0.506250 0.132222 0.022500
0 0.169444 0.583750 0.110000 0.017500
0 0.419444 0.580625 0.107778 0.021250
0 0.669444 0.583750 0.134444 0.022500
0 0.918889 0.584375 0.151111 0.021250
0 0.169444 0.656875 0.114444 0.021250
0 0.418889 0.653750 0.144444 0.022500
0 0.669444 0.655000 0.103333 0.025000
0 0.919444 0.655000 0.143333 0.022500
0 0.168889 0.727500 0.120000 0.020000
0 0.418889 0.727500 0.157778 0.022500
0 0.668889 0.727500 0.120000 0.022500
0 0.918889 0.731250 0.126667 0.017500
0 0.169444 0.800000 0.130000 0.022500
0 0.419444 0.800625 0.112222 0.021250
0 0.669444 0.799375 0.130000 0.023750
0 0.919444 0.803750 0.130000 0.020000
0 0.168889 0.877500 0.117778 0.017500
0 0.419444 0.874375 0.112222 0.023750
0 0.668889 0.873750 0.120000 0.022500
0 0.918889 0.876875 0.131111 0.018750
0 0.168889 0.949375 0.131111 0.023750
0 0.418889 0.948750 0.126667 0.020000
0 0.668889 0.946875 0.093333 0.018750
0 0.919444 0.950000 0.123333 0.017500