0 0.169444 0.066250 0.143333 0.022500
0 0.419444 0.070000 0.125556 0.022500
0 0.669444 0.067500 0.125556 0.022500
0 0.919444 0.066250 0.118889 0.025000
0 0.169444 0.141875 0.130000 0.023750
0 0.418889 0.143750 0.095556 0.017500
0 0.668889 0.140000 0.146667 0.022500
0 0.918889 0.140000 0.144444 0.020000
0 0.169444 0.213750 0.132222 0.022500
0 0.418889 0.214375 0.133333 0.021250
0 0.668889 0.215000 0.106667 0.022500
0 0.919444 0.215625 0.141111 0.021250
0 0.169444 0.287500 0.143333 0.022500
0 0.419444 0.290625 0.125556 0.018750
0 0.668889 0.286875 0.133333 0.021250
0 0.919444 0.291875 0.123333 0.018750
0 0.169444 0.360000 0.130000 0.022500
0 0.418889 0.360625 0.115556 0.023750
0 0.668889 0.363750 0.133333 0.017500
0 0.919444 0.363750 0.134444 0.022500
0 0.168889 0.433750 0.135556 0.022500
0 0.419444 0.436250 0.127778 0.017500
0 0.668889 0.433125 0.106667 0.021250
0 0.919444 0.433750 0.130000 0.025000
0 0.169444 0.513750 0.143333 0.017500
0 0.419444 0.510000 0.118889 0.025000
0 0.669444 0.508750 0.130000 0.022500
0 0.919444 0.510625 0.130000 0.021250
0 0.169444 0.584375 0.121111 0.021250
0 0.419444 0.583750 0.152222 0.020000
0 0.669444 0.584375 0.092222 0.018750
0 0.919444 0.583750 0.130000 0.022500
0 0.168889 0.659375 0.113333 0.018750
0 0.419444 0.658750 0.121111 0.017500
0 0.668889 0.655625 0.120000 0.021250
0 0.918889 0.656875 0.115556 0.023750
0 0.169444 0.730000 0.098889 0.020000
0 0.418889 0.729375 0.133333 0.021250
0 0.668889 0.728750 0.120000 0.022500
0 0.918889 0.730000 0.131111 0.020000
0 0.169444 0.805625 0.125556 0.016250
0 0.419444 0.802500 0.130000 0.022500
0 0.669444 0.801875 0.118889 0.023750
0 0.918889 0.804375 0.131111 0.023750
0 0.168889 0.876250 0.120000 0.022500
0 0.419444 0.876250 0.130000 0.022500
0 0.668889 0.877500 0.091111 0.017500
0 0.919444 0.876875 0.130000 0.023750
0 0.168889 0.952500 0.104444 0.022500
0 0.419444 0.953750 0.134444 0.022500
0 0.669444 0.950000 0.143333 0.022500
0 0.919444 0.952500 0.103333 0.017500