0 0.169444 0.068750 0.123333 0.025000
0 0.418889 0.066250 0.120000 0.022500
0 0.668889 0.066875 0.113333 0.023750
0 0.919444 0.065625 0.145556 0.021250
0 0.169444 0.143750 0.114444 0.022500
0 0.418889 0.144375 0.128889 0.018750
0 0.668889 0.145000 0.124444 0.017500
0 0.919444 0.143750 0.118889 0.022500
0 0.169444 0.217500 0.121111 0.017500
0 0.419444 0.213750 0.143333 0.022500
0 0.669444 0.213750 0.118889 0.025000
0 0.919444 0.215625 0.114444 0.021250
0 0.168889 0.287500 0.146667 0.022500
0 0.418889 0.291875 0.128889 0.021250
0 0.669444 0.289375 0.107778 0.023750
0 0.918889 0.289375 0.113333 0.023750
0 0.168889 0.363125 0.144444 0.023750
0 0.418889 0.364375 0.115556 0.021250
0 0.669444 0.362500 0.130000 0.022500
0 0.919444 0.366250 0.145556 0.020000
0 0.168889 0.435000 0.120000 0.022500
0 0.419444 0.440000 0.110000 0.020000
0 0.669444 0.435625 0.138889 0.021250
0 0.918889 0.436250 0.131111 0.020000
0 0.169444 0.512500 0.134444 0.022500
0 0.419444 0.508750 0.098889 0.020000
0 0.668889 0.508125 0.131111 0.021250
0 0.919444 0.511250 0.123333 0.025000
0 0.169444 0.583125 0.136667 0.021250
0 0.419444 0.583125 0.130000 0.023750
0 0.669444 0.588125 0.125556 0.021250
0 0.918889 0.585000 0.093333 0.020000
0 0.168889 0.657500 0.128889 0.022500
0 0.419444 0.656250 0.118889 0.022500
0 0.668889 0.656875 0.140000 0.021250
0 0.919444 0.657500 0.143333 0.022500
0 0.168889 0.729375 0.131111 0.018750
0 0.419444 0.729375 0.130000 0.023750
0 0.668889 0.730000 0.120000 0.022500
0 0.919444 0.730000 0.141111 0.022500
0 0.169444 0.804375 0.130000 0.023750
0 0.418889 0.806875 0.104444 0.018750
0 0.669444 0.806250 0.123333 0.025000
0 0.918889 0.805000 0.084444 0.017500
0 0.168889 0.878750 0.128889 0.022500
0 0.418889 0.877500 0.120000 0.022500
0 0.668889 0.880000 0.113333 0.025000
0 0.919444 0.882500 0.132222 0.022500
0 0.168889 0.952500 0.120000 0.022500
0 0.418889 0.953750 0.157778 0.022500
0 0.669444 0.955000 0.103333 0.025000
0 0.918889 0.955625 0.113333 0.016250