0 0.168889 0.065000 0.120000 0.022500
0 0.418889 0.065000 0.131111 0.020000
0 0.669444 0.066250 0.105556 0.025000
0 0.918889 0.068750 0.117778 0.017500
0 0.168889 0.141250 0.111111 0.020000
0 0.419444 0.141875 0.125556 0.026250
0 0.669444 0.140625 0.130000 0.023750
0 0.918889 0.141875 0.144444 0.023750
0 0.169444 0.219375 0.114444 0.021250
0 0.419444 0.218750 0.112222 0.025000
0 0.668889 0.218750 0.117778 0.017500
0 0.918889 0.220000 0.133333 0.025000
0 0.169444 0.291875 0.098889 0.023750
0 0.418889 0.296250 0.124444 0.020000
0 0.669444 0.291875 0.125556 0.023750
0 0.918889 0.293125 0.102222 0.021250
0 0.168889 0.365000 0.133333 0.022500
0 0.418889 0.366250 0.093333 0.020000
0 0.668889 0.368750 0.108889 0.017500
0 0.919444 0.366250 0.130000 0.022500
0 0.169444 0.442500 0.125556 0.020000
0 0.419444 0.440000 0.158889 0.022500
0 0.669444 0.438125 0.130000 0.023750
0 0.919444 0.438750 0.130000 0.025000
0 0.169444 0.516875 0.107778 0.018750
0 0.419444 0.516250 0.123333 0.025000
0 0.669444 0.516250 0.107778 0.020000
0 0.919444 0.516250 0.114444 0.017500
0 0.169444 0.590000 0.114444 0.025000
0 0.419444 0.589375 0.114444 0.021250
0 0.668889 0.587500 0.120000 0.022500
0 0.918889 0.587500 0.106667 0.022500
0 0.169444 0.666875 0.121111 0.016250
0 0.418889 0.663125 0.146667 0.021250
0 0.669444 0.663750 0.130000 0.022500
0 0.919444 0.664375 0.107778 0.021250
0 0.169444 0.736875 0.090000 0.021250
0 0.419444 0.735000 0.118889 0.022500
0 0.668889 0.735625 0.115556 0.023750
0 0.919444 0.740625 0.141111 0.018750
0 0.168889 0.808750 0.106667 0.022500
0 0.418889 0.810625 0.113333 0.023750
0 0.669444 0.810000 0.141111 0.022500
0 0.919444 0.810625 0.143333 0.021250
0 0.168889 0.883750 0.164444 0.020000
0 0.419444 0.886875 0.121111 0.016250
0 0.669444 0.885000 0.112222 0.025000
0 0.919444 0.884375 0.141111 0.021250
0 0.168889 0.962500 0.120000 0.017500
0 0.418889 0.957500 0.137778 0.020000
0 0.668889 0.958750 0.106667 0.022500
0 0.919444 0.957500 0.105556 0.022500