0 0.168889 0.066250 0.135556 0.020000
0 0.419444 0.070000 0.134444 0.022500
0 0.669444 0.066875 0.116667 0.023750
0 0.918889 0.065625 0.120000 0.021250
0 0.168889 0.140625 0.113333 0.023750
0 0.418889 0.140625 0.126667 0.021250
0 0.668889 0.140000 0.128889 0.022500
0 0.918889 0.143125 0.128889 0.018750
0 0.168889 0.213125 0.113333 0.023750
0 0.419444 0.213750 0.141111 0.020000
0 0.668889 0.217500 0.126667 0.017500
0 0.918889 0.213125 0.146667 0.021250
0 0.168889 0.288125 0.113333 0.023750
0 0.419444 0.287500 0.138889 0.020000
0 0.669444 0.290625 0.127778 0.021250
0 0.918889 0.287500 0.128889 0.022500
0 0.168889 0.365625 0.124444 0.016250
0 0.418889 0.362500 0.115556 0.022500
0 0.668889 0.365000 0.126667 0.020000
0 0.918889 0.365000 0.120000 0.020000
0 0.168889 0.436250 0.128889 0.022500
0 0.418889 0.433125 0.120000 0.021250
0 0.668889 0.435000 0.117778 0.025000
0 0.919444 0.435625 0.105556 0.023750
0 0.168889 0.510625 0.131111 0.023750
0 0.418889 0.511875 0.108889 0.016250
0 0.669444 0.509375 0.125556 0.023750
0 0.919444 0.508125 0.130000 0.023750
0 0.168889 0.582500 0.106667 0.022500
0 0.418889 0.586250 0.142222 0.020000
0 0.669444 0.583750 0.096667 0.017500
0 0.919444 0.583125 0.098889 0.021250
0 0.168889 0.656875 0.131111 0.023750
0 0.418889 0.655625 0.106667 0.023750
0 0.668889 0.655000 0.135556 0.022500
0 0.918889 0.657500 0.102222 0.025000
0 0.168889 0.731875 0.115556 0.021250
0 0.418889 0.729375 0.115556 0.023750
0 0.669444 0.730000 0.118889 0.025000
0 0.918889 0.728750 0.133333 0.022500
0 0.169444 0.807500 0.107778 0.025000
0 0.418889 0.807500 0.128889 0.022500
0 0.668889 0.808750 0.131111 0.017500
0 0.919444 0.805000 0.118889 0.025000
0 0.169444 0.882500 0.123333 0.025000
0 0.418889 0.883125 0.113333 0.018750
0 0.668889 0.883125 0.131111 0.016250
0 0.918889 0.884375 0.106667 0.021250
0 0.168889 0.958125 0.120000 0.021250
0 0.418889 0.955625 0.102222 0.018750
0 0.668889 0.957500 0.124444 0.025000
0 0.918889 0.958750 0.135556 0.017500