0 0.169444 0.066250 0.130000 0.022500
0 0.419444 0.068750 0.118889 0.022500
0 0.668889 0.065625 0.137778 0.021250
0 0.918889 0.066250 0.144444 0.025000
0 0.169444 0.141875 0.143333 0.023750
0 0.419444 0.145625 0.114444 0.018750
0 0.669444 0.144375 0.145556 0.021250
0 0.919444 0.143125 0.103333 0.018750
0 0.169444 0.215625 0.114444 0.021250
0 0.419444 0.217500 0.143333 0.022500
0 0.668889 0.215000 0.106667 0.022500
0 0.919444 0.216250 0.116667 0.022500
0 0.169444 0.288125 0.107778 0.021250
0 0.419444 0.288750 0.096667 0.017500
0 0.669444 0.290000 0.114444 0.017500
0 0.918889 0.288125 0.115556 0.023750
0 0.169444 0.361875 0.130000 0.023750
0 0.419444 0.363125 0.121111 0.016250
0 0.669444 0.364375 0.118889 0.021250
0 0.919444 0.364375 0.114444 0.018750
0 0.169444 0.435000 0.143333 0.022500
0 0.419444 0.437500 0.121111 0.017500
0 0.668889 0.436250 0.091111 0.017500
0 0.919444 0.436875 0.103333 0.018750
0 0.168889 0.506250 0.106667 0.022500
0 0.419444 0.508125 0.123333 0.023750
0 0.669444 0.509375 0.101111 0.018750
0 0.919444 0.511875 0.125556 0.021250
0 0.169444 0.581250 0.143333 0.022500
0 0.419444 0.581250 0.143333 0.022500
0 0.668889 0.581250 0.115556 0.025000
0 0.918889 0.581250 0.120000 0.022500
0 0.168889 0.655625 0.146667 0.021250
0 0.418889 0.656250 0.133333 0.022500
0 0.669444 0.655625 0.125556 0.023750
0 0.919444 0.657500 0.130000 0.022500
0 0.169444 0.733125 0.127778 0.021250
0 0.419444 0.731875 0.130000 0.021250
0 0.668889 0.731250 0.144444 0.022500
0 0.919444 0.730625 0.158889 0.023750
0 0.168889 0.806250 0.128889 0.022500
0 0.419444 0.803750 0.130000 0.025000
0 0.669444 0.803125 0.125556 0.023750
0 0.919444 0.806250 0.125556 0.025000
0 0.169444 0.883125 0.134444 0.021250
0 0.419444 0.878750 0.143333 0.022500
0 0.668889 0.881250 0.108889 0.017500
0 0.919444 0.879375 0.112222 0.021250
0 0.168889 0.951250 0.157778 0.022500
0 0.419444 0.953750 0.118889 0.022500
0 0.669444 0.953750 0.118889 0.022500
0 0.919444 0.953125 0.098889 0.016250