0 0.169444 0.066875 0.150000 0.021250
0 0.419444 0.066250 0.130000 0.022500
0 0.669444 0.066250 0.130000 0.022500
0 0.918889 0.070625 0.131111 0.018750
0 0.169444 0.139375 0.130000 0.023750
0 0.419444 0.139375 0.121111 0.021250
0 0.669444 0.143750 0.130000 0.017500
0 0.918889 0.139375 0.115556 0.021250
0 0.168889 0.215000 0.128889 0.022500
0 0.418889 0.212500 0.128889 0.022500
0 0.669444 0.212500 0.130000 0.025000
0 0.919444 0.215625 0.116667 0.018750
0 0.168889 0.286250 0.133333 0.022500
0 0.419444 0.287500 0.141111 0.022500
0 0.669444 0.290000 0.098889 0.020000
0 0.918889 0.286250 0.133333 0.022500
0 0.168889 0.362500 0.133333 0.025000
0 0.419444 0.360000 0.130000 0.022500
0 0.669444 0.360625 0.130000 0.023750
0 0.918889 0.361875 0.100000 0.016250
0 0.168889 0.438750 0.133333 0.017500
0 0.419444 0.435000 0.143333 0.022500
0 0.668889 0.436250 0.097778 0.017500
0 0.918889 0.436250 0.115556 0.022500
0 0.169444 0.509375 0.110000 0.018750
0 0.418889 0.509375 0.115556 0.023750
0 0.669444 0.506875 0.130000 0.023750
0 0.919444 0.506250 0.136667 0.020000
0 0.169444 0.584375 0.127778 0.016250
0 0.419444 0.581875 0.114444 0.021250
0 0.668889 0.581250 0.128889 0.022500
0 0.918889 0.583125 0.088889 0.018750
0 0.169444 0.656250 0.143333 0.022500
0 0.418889 0.653750 0.120000 0.022500
0 0.669444 0.656875 0.118889 0.016250
0 0.918889 0.653125 0.133333 0.021250
0 0.168889 0.726250 0.133333 0.022500
0 0.418889 0.725625 0.131111 0.018750
0 0.669444 0.725625 0.125556 0.021250
0 0.919444 0.730000 0.130000 0.020000
0 0.168889 0.800000 0.104444 0.017500
0 0.418889 0.802500 0.108889 0.017500
0 0.668889 0.801250 0.133333 0.025000
0 0.919444 0.798750 0.125556 0.020000
0 0.169444 0.875000 0.118889 0.025000
0 0.418889 0.873750 0.115556 0.022500
0 0.668889 0.875000 0.113333 0.025000
0 0.919444 0.878125 0.130000 0.018750
0 0.168889 0.947500 0.133333 0.022500
0 0.419444 0.948750 0.121111 0.020000
0 0.668889 0.951250 0.117778 0.025000
0 0.919444 0.951875 0.130000 0.018750