0 0.169444 0.066250 0.130000 0.025000
0 0.419444 0.065625 0.138889 0.021250
0 0.668889 0.065625 0.113333 0.023750
0 0.919444 0.070000 0.134444 0.022500
0 0.169444 0.140000 0.132222 0.022500
0 0.418889 0.140625 0.093333 0.021250
0 0.669444 0.144375 0.103333 0.018750
0 0.919444 0.143125 0.123333 0.021250
0 0.169444 0.215625 0.114444 0.021250
0 0.419444 0.215625 0.110000 0.018750
0 0.668889 0.217500 0.135556 0.020000
0 0.919444 0.213750 0.130000 0.025000
0 0.169444 0.290000 0.130000 0.022500
0 0.419444 0.290625 0.123333 0.021250
0 0.668889 0.290000 0.144444 0.022500
0 0.918889 0.287500 0.106667 0.022500
0 0.168889 0.365625 0.133333 0.021250
0 0.418889 0.363125 0.111111 0.016250
0 0.669444 0.360625 0.138889 0.021250
0 0.919444 0.364375 0.127778 0.021250
0 0.168889 0.434375 0.095556 0.018750
0 0.419444 0.431250 0.136667 0.020000
0 0.668889 0.432500 0.120000 0.022500
0 0.919444 0.435625 0.098889 0.018750
0 0.169444 0.505000 0.130000 0.022500
0 0.418889 0.507500 0.117778 0.025000
0 0.669444 0.505625 0.112222 0.021250
0 0.919444 0.506875 0.110000 0.018750
0 0.169444 0.580000 0.130000 0.022500
0 0.419444 0.580625 0.130000 0.023750
0 0.668889 0.581250 0.144444 0.022500
0 0.918889 0.583750 0.120000 0.017500
0 0.169444 0.655625 0.114444 0.021250
0 0.419444 0.653750 0.138889 0.020000
0 0.668889 0.652500 0.093333 0.022500
0 0.919444 0.655000 0.116667 0.022500
0 0.169444 0.728125 0.101111 0.018750
0 0.418889 0.729375 0.106667 0.016250
0 0.669444 0.727500 0.130000 0.022500
0 0.918889 0.725000 0.120000 0.022500
0 0.169444 0.801250 0.114444 0.022500
0 0.419444 0.801250 0.130000 0.017500
0 0.668889 0.800000 0.113333 0.025000
0 0.918889 0.798125 0.093333 0.021250
0 0.169444 0.877500 0.121111 0.017500
0 0.418889 0.875625 0.115556 0.023750
0 0.669444 0.877500 0.127778 0.020000
0 0.919444 0.873750 0.130000 0.025000
0 0.168889 0.950000 0.144444 0.022500
0 0.418889 0.947500 0.106667 0.022500
0 0.669444 0.952500 0.125556 0.020000
0 0.919444 0.948750 0.130000 0.022500