0 0.169444 0.066875 0.130000 0.023750
0 0.418889 0.068750 0.104444 0.022500
0 0.669444 0.068750 0.098889 0.020000
0 0.919444 0.070625 0.132222 0.018750
0 0.168889 0.138750 0.100000 0.020000
0 0.418889 0.139375 0.106667 0.021250
0 0.669444 0.143125 0.105556 0.018750
0 0.918889 0.140000 0.120000 0.022500
0 0.169444 0.212500 0.130000 0.025000
0 0.418889 0.211250 0.120000 0.022500
0 0.668889 0.212500 0.115556 0.022500
0 0.918889 0.212500 0.120000 0.022500
0 0.169444 0.289375 0.098889 0.021250
0 0.419444 0.286875 0.125556 0.021250
0 0.668889 0.290000 0.128889 0.022500
0 0.918889 0.289375 0.108889 0.021250
0 0.168889 0.360000 0.135556 0.020000
0 0.418889 0.363125 0.115556 0.021250
0 0.668889 0.361875 0.113333 0.016250
0 0.919444 0.361250 0.114444 0.025000
0 0.169444 0.435000 0.143333 0.022500
0 0.419444 0.435000 0.130000 0.022500
0 0.668889 0.433750 0.120000 0.022500
0 0.918889 0.436250 0.144444 0.022500
0 0.169444 0.507500 0.123333 0.020000
0 0.418889 0.509375 0.146667 0.023750
0 0.669444 0.510000 0.125556 0.025000
0 0.919444 0.511250 0.107778 0.017500
0 0.169444 0.582500 0.130000 0.022500
0 0.418889 0.583125 0.144444 0.023750
0 0.668889 0.581875 0.120000 0.021250
0 0.918889 0.581875 0.157778 0.021250
0 0.169444 0.658750 0.118889 0.025000
0 0.419444 0.656875 0.114444 0.021250
0 0.669444 0.656250 0.130000 0.022500
0 0.918889 0.655625 0.120000 0.021250
0 0.168889 0.731875 0.093333 0.021250
0 0.418889 0.730625 0.080000 0.018750
0 0.668889 0.731875 0.144444 0.023750
0 0.918889 0.733750 0.133333 0.025000
0 0.169444 0.806875 0.112222 0.021250
0 0.418889 0.810000 0.108889 0.017500
0 0.669444 0.809375 0.130000 0.016250
0 0.918889 0.810625 0.124444 0.016250
0 0.168889 0.879375 0.131111 0.023750
0 0.418889 0.878125 0.144444 0.023750
0 0.669444 0.876250 0.118889 0.022500
0 0.918889 0.881250 0.124444 0.017500
0 0.168889 0.950625 0.113333 0.021250
0 0.418889 0.950000 0.120000 0.022500
0 0.669444 0.951250 0.130000 0.025000
0 0.918889 0.955000 0.117778 0.020000