0 0.169444 0.070000 0.145556 0.020000
0 0.419444 0.066250 0.152222 0.020000
0 0.669444 0.066875 0.125556 0.023750
0 0.918889 0.066250 0.131111 0.020000
0 0.168889 0.140625 0.144444 0.023750
0 0.418889 0.140000 0.128889 0.022500
0 0.669444 0.144375 0.141111 0.018750
0 0.919444 0.140625 0.116667 0.023750
0 0.169444 0.216250 0.121111 0.017500
0 0.419444 0.214375 0.105556 0.023750
0 0.669444 0.214375 0.130000 0.023750
0 0.918889 0.213750 0.120000 0.022500
0 0.169444 0.288125 0.125556 0.026250
0 0.419444 0.287500 0.130000 0.022500
0 0.669444 0.289375 0.114444 0.021250
0 0.918889 0.286875 0.120000 0.021250
0 0.168889 0.363125 0.140000 0.021250
0 0.419444 0.365625 0.114444 0.021250
0 0.668889 0.365000 0.144444 0.022500
0 0.919444 0.362500 0.132222 0.022500
0 0.168889 0.436250 0.128889 0.022500
0 0.419444 0.440625 0.134444 0.021250
0 0.668889 0.437500 0.104444 0.017500
0 0.919444 0.436250 0.130000 0.022500
0 0.168889 0.508125 0.113333 0.021250
0 0.419444 0.511875 0.121111 0.016250
0 0.669444 0.507500 0.118889 0.022500
0 0.919444 0.511875 0.121111 0.016250
0 0.169444 0.581875 0.143333 0.021250
0 0.418889 0.581875 0.115556 0.021250
0 0.669444 0.581875 0.158889 0.023750
0 0.918889 0.580625 0.120000 0.021250
0 0.168889 0.654375 0.113333 0.023750
0 0.419444 0.653750 0.105556 0.022500
0 0.669444 0.658750 0.132222 0.017500
0 0.918889 0.653750 0.133333 0.022500
0 0.169444 0.732500 0.121111 0.017500
0 0.419444 0.730000 0.130000 0.022500
0 0.668889 0.728750 0.120000 0.022500
0 0.919444 0.729375 0.114444 0.021250
0 0.169444 0.801250 0.152222 0.020000
0 0.418889 0.805000 0.106667 0.022500
0 0.669444 0.803125 0.123333 0.021250
0 0.918889 0.802500 0.117778 0.025000
0 0.169444 0.880000 0.107778 0.017500
0 0.418889 0.876250 0.115556 0.022500
0 0.669444 0.878750 0.118889 0.022500
0 0.918889 0.875625 0.133333 0.021250
0 0.169444 0.948125 0.101111 0.018750
0 0.418889 0.948125 0.115556 0.023750
0 0.668889 0.948750 0.133333 0.022500
0 0.919444 0.950000 0.118889 0.025000