0 0.168889 0.065625 0.133333 0.021250
0 0.418889 0.066250 0.120000 0.022500
0 0.668889 0.070000 0.133333 0.017500
0 0.919444 0.068125 0.114444 0.021250
0 0.169444 0.141875 0.118889 0.018750
0 0.419444 0.140625 0.114444 0.021250
0 0.668889 0.140625 0.095556 0.018750
0 0.918889 0.138125 0.120000 0.021250
0 0.169444 0.211875 0.130000 0.021250
0 0.418889 0.210000 0.128889 0.022500
0 0.669444 0.210000 0.085556 0.020000
0 0.918889 0.210000 0.128889 0.022500
0 0.169444 0.286875 0.134444 0.018750
0 0.418889 0.286250 0.120000 0.017500
0 0.668889 0.285000 0.113333 0.020000
0 0.918889 0.283750 0.144444 0.022500
0 0.169444 0.355625 0.158889 0.023750
0 0.419444 0.355000 0.098889 0.020000
0 0.668889 0.356250 0.140000 0.025000
0 0.919444 0.355625 0.112222 0.021250
0 0.168889 0.430000 0.115556 0.022500
0 0.419444 0.430000 0.114444 0.022500
0 0.668889 0.429375 0.133333 0.021250
0 0.918889 0.429375 0.120000 0.021250
0 0.168889 0.504375 0.102222 0.016250
0 0.419444 0.504375 0.121111 0.023750
0 0.669444 0.504375 0.114444 0.021250
0 0.918889 0.505625 0.128889 0.021250
0 0.168889 0.575625 0.097778 0.018750
0 0.419444 0.576250 0.101111 0.020000
0 0.669444 0.575000 0.118889 0.022500
0 0.918889 0.575625 0.120000 0.021250
0 0.169444 0.649375 0.130000 0.021250
0 0.419444 0.647500 0.105556 0.022500
0 0.668889 0.650625 0.111111 0.016250
0 0.919444 0.649375 0.130000 0.023750
0 0.169444 0.725625 0.105556 0.021250
0 0.418889 0.724375 0.111111 0.016250
0 0.668889 0.723750 0.144444 0.022500
0 0.919444 0.725625 0.130000 0.016250
0 0.169444 0.795625 0.130000 0.023750
0 0.419444 0.794375 0.098889 0.023750
0 0.669444 0.794375 0.138889 0.021250
0 0.919444 0.795000 0.141111 0.020000
0 0.169444 0.869375 0.150000 0.021250
0 0.418889 0.868125 0.093333 0.018750
0 0.668889 0.867500 0.106667 0.022500
0 0.918889 0.868125 0.124444 0.021250
0 0.168889 0.943750 0.117778 0.022500
0 0.418889 0.940625 0.115556 0.023750
0 0.669444 0.941875 0.130000 0.023750
0 0.918889 0.940625 0.133333 0.021250