0 0.169444 0.066250 0.130000 0.022500
0 0.419444 0.066250 0.130000 0.022500
0 0.669444 0.068125 0.114444 0.021250
0 0.918889 0.066875 0.115556 0.023750
0 0.168889 0.138750 0.120000 0.022500
0 0.418889 0.138750 0.133333 0.022500
0 0.668889 0.142500 0.131111 0.025000
0 0.918889 0.139375 0.117778 0.018750
0 0.169444 0.215625 0.130000 0.023750
0 0.419444 0.215000 0.130000 0.022500
0 0.669444 0.215625 0.130000 0.023750
0 0.919444 0.215625 0.125556 0.023750
0 0.169444 0.290625 0.123333 0.021250
0 0.419444 0.290625 0.121111 0.023750
0 0.669444 0.291250 0.123333 0.025000
0 0.918889 0.287500 0.106667 0.022500
0 0.168889 0.363750 0.120000 0.020000
0 0.419444 0.366250 0.118889 0.022500
0 0.669444 0.363750 0.138889 0.020000
0 0.918889 0.366250 0.106667 0.020000
0 0.168889 0.440625 0.133333 0.018750
0 0.418889 0.435000 0.120000 0.022500
0 0.669444 0.440625 0.121111 0.016250
0 0.918889 0.436875 0.144444 0.023750
0 0.168889 0.513750 0.128889 0.020000
0 0.419444 0.510625 0.134444 0.021250
0 0.669444 0.510625 0.130000 0.023750
0 0.918889 0.510000 0.120000 0.020000
0 0.168889 0.584375 0.164444 0.021250
0 0.418889 0.582500 0.106667 0.022500
0 0.669444 0.585625 0.110000 0.018750
0 0.918889 0.585625 0.111111 0.016250
0 0.168889 0.656250 0.115556 0.025000
0 0.418889 0.656250 0.128889 0.022500
0 0.669444 0.658125 0.101111 0.018750
0 0.918889 0.656250 0.157778 0.022500
0 0.169444 0.731875 0.118889 0.023750
0 0.419444 0.732500 0.158889 0.022500
0 0.669444 0.732500 0.105556 0.022500
0 0.919444 0.730625 0.101111 0.021250
0 0.169444 0.805000 0.143333 0.022500
0 0.419444 0.805000 0.152222 0.020000
0 0.669444 0.808750 0.112222 0.017500
0 0.918889 0.808125 0.091111 0.018750
0 0.169444 0.879375 0.101111 0.018750
0 0.419444 0.878125 0.130000 0.023750
0 0.668889 0.880625 0.126667 0.021250
0 0.919444 0.878125 0.158889 0.023750
0 0.169444 0.951875 0.121111 0.021250
0 0.418889 0.951250 0.115556 0.025000
0 0.669444 0.955000 0.136667 0.017500
0 0.918889 0.950625 0.113333 0.021250