0 0.168889 0.067500 0.104444 0.017500
0 0.418889 0.070000 0.115556 0.020000
0 0.669444 0.069375 0.125556 0.021250
0 0.919444 0.069375 0.085556 0.018750
0 0.169444 0.139375 0.121111 0.023750
0 0.418889 0.140625 0.113333 0.018750
0 0.669444 0.138750 0.098889 0.025000
0 0.918889 0.138125 0.115556 0.023750
0 0.169444 0.214375 0.103333 0.018750
0 0.419444 0.211875 0.136667 0.021250
0 0.669444 0.213750 0.130000 0.022500
0 0.919444 0.211250 0.118889 0.022500
0 0.168889 0.283750 0.120000 0.022500
0 0.419444 0.288750 0.118889 0.020000
0 0.669444 0.284375 0.118889 0.023750
0 0.918889 0.284375 0.113333 0.021250
0 0.169444 0.359375 0.130000 0.021250
0 0.418889 0.358125 0.160000 0.021250
0 0.668889 0.360000 0.144444 0.022500
0 0.918889 0.359375 0.115556 0.023750
0 0.168889 0.431875 0.120000 0.021250
0 0.419444 0.433125 0.130000 0.021250
0 0.669444 0.431250 0.132222 0.022500
0 0.918889 0.431875 0.113333 0.021250
0 0.168889 0.504375 0.133333 0.021250
0 0.419444 0.505625 0.130000 0.023750
0 0.669444 0.505000 0.101111 0.020000
0 0.919444 0.506875 0.123333 0.021250
0 0.168889 0.579375 0.140000 0.023750
0 0.418889 0.578750 0.100000 0.020000
0 0.669444 0.579375 0.130000 0.023750
0 0.919444 0.580625 0.130000 0.021250
0 0.169444 0.653125 0.130000 0.023750
0 0.419444 0.656875 0.134444 0.021250
0 0.669444 0.651875 0.125556 0.023750
0 0.918889 0.652500 0.106667 0.022500
0 0.168889 0.726250 0.157778 0.022500
0 0.419444 0.728750 0.123333 0.025000
0 0.668889 0.725000 0.093333 0.020000
0 0.919444 0.726250 0.143333 0.022500
0 0.168889 0.800625 0.144444 0.023750
0 0.419444 0.803750 0.103333 0.025000
0 0.669444 0.800625 0.138889 0.021250
0 0.919444 0.803750 0.118889 0.022500
0 0.169444 0.879375 0.118889 0.016250
0 0.418889 0.878125 0.113333 0.016250
0 0.668889 0.876250 0.097778 0.017500
0 0.918889 0.880000 0.117778 0.017500
0 0.169444 0.944375 0.130000 0.023750
0 0.419444 0.945625 0.103333 0.018750
0 0.668889 0.948125 0.151111 0.021250
0 0.918889 0.943750 0.106667 0.022500