0 0.168889 0.065000 0.100000 0.020000
0 0.418889 0.068750 0.111111 0.017500
0 0.668889 0.066875 0.097778 0.023750
0 0.918889 0.066875 0.144444 0.023750
0 0.168889 0.142500 0.120000 0.017500
0 0.419444 0.144375 0.136667 0.018750
0 0.668889 0.142500 0.088889 0.017500
0 0.919444 0.142500 0.103333 0.020000
0 0.169444 0.213750 0.130000 0.017500
0 0.419444 0.210625 0.150000 0.021250
0 0.669444 0.210625 0.112222 0.021250
0 0.919444 0.213125 0.098889 0.018750
0 0.168889 0.283750 0.120000 0.025000
0 0.418889 0.281250 0.093333 0.020000
0 0.669444 0.282500 0.125556 0.022500
0 0.919444 0.281250 0.118889 0.025000
0 0.169444 0.357500 0.096667 0.017500
0 0.418889 0.355000 0.106667 0.022500
0 0.669444 0.358750 0.123333 0.017500
0 0.918889 0.358750 0.148889 0.025000
0 0.168889 0.431875 0.144444 0.023750
0 0.419444 0.431250 0.118889 0.025000
0 0.669444 0.431875 0.116667 0.023750
0 0.918889 0.433750 0.106667 0.017500
0 0.169444 0.510000 0.136667 0.017500
0 0.418889 0.505000 0.146667 0.022500
0 0.668889 0.507500 0.111111 0.022500
0 0.919444 0.509375 0.123333 0.018750
0 0.168889 0.578750 0.157778 0.022500
0 0.419444 0.580000 0.130000 0.022500
0 0.669444 0.580000 0.112222 0.025000
0 0.919444 0.582500 0.114444 0.020000
0 0.169444 0.653750 0.143333 0.022500
0 0.419444 0.656250 0.121111 0.017500
0 0.668889 0.653750 0.120000 0.022500
0 0.919444 0.653750 0.130000 0.022500
0 0.169444 0.725625 0.101111 0.023750
0 0.418889 0.730000 0.117778 0.017500
0 0.668889 0.726250 0.120000 0.022500
0 0.918889 0.726250 0.106667 0.022500
0 0.168889 0.800625 0.157778 0.023750
0 0.418889 0.799375 0.120000 0.021250
0 0.669444 0.800000 0.143333 0.022500
0 0.919444 0.800000 0.143333 0.022500
0 0.168889 0.873750 0.144444 0.025000
0 0.419444 0.874375 0.125556 0.023750
0 0.668889 0.873125 0.100000 0.021250
0 0.919444 0.878125 0.125556 0.021250
0 0.169444 0.950000 0.125556 0.022500
0 0.419444 0.950625 0.114444 0.021250
0 0.668889 0.949375 0.102222 0.021250
0 0.918889 0.949375 0.124444 0.023750