0 0.169444 0.065625 0.101111 0.018750
0 0.419444 0.066875 0.130000 0.023750
0 0.668889 0.065000 0.120000 0.022500
0 0.918889 0.066250 0.100000 0.020000
0 0.169444 0.140000 0.118889 0.025000
0 0.418889 0.141250 0.117778 0.025000
0 0.669444 0.142500 0.098889 0.020000
0 0.918889 0.143125 0.120000 0.016250
0 0.168889 0.217500 0.084444 0.017500
0 0.419444 0.218750 0.132222 0.017500
0 0.669444 0.215000 0.130000 0.022500
0 0.919444 0.217500 0.118889 0.025000
0 0.169444 0.291250 0.125556 0.022500
0 0.418889 0.291250 0.104444 0.017500
0 0.668889 0.288750 0.093333 0.022500
0 0.919444 0.293125 0.112222 0.018750
0 0.169444 0.366875 0.134444 0.021250
0 0.418889 0.363125 0.113333 0.023750
0 0.668889 0.366250 0.120000 0.020000
0 0.919444 0.365000 0.143333 0.022500
0 0.169444 0.436875 0.112222 0.021250
0 0.418889 0.435625 0.137778 0.021250
0 0.668889 0.435000 0.120000 0.022500
0 0.918889 0.435625 0.120000 0.021250
0 0.168889 0.509375 0.093333 0.018750
0 0.419444 0.508750 0.130000 0.022500
0 0.668889 0.508125 0.120000 0.021250
0 0.919444 0.511250 0.121111 0.017500
0 0.169444 0.581250 0.123333 0.020000
0 0.418889 0.580000 0.120000 0.022500
0 0.669444 0.585625 0.156667 0.018750
0 0.919444 0.585000 0.116667 0.020000
0 0.169444 0.658750 0.134444 0.017500
0 0.418889 0.657500 0.124444 0.017500
0 0.668889 0.653125 0.120000 0.021250
0 0.918889 0.656875 0.106667 0.018750
0 0.169444 0.725000 0.143333 0.022500
0 0.419444 0.728750 0.116667 0.020000
0 0.669444 0.726250 0.112222 0.025000
0 0.918889 0.727500 0.126667 0.017500
0 0.168889 0.800625 0.144444 0.023750
0 0.418889 0.800625 0.144444 0.023750
0 0.669444 0.803750 0.127778 0.020000
0 0.918889 0.798750 0.120000 0.022500
0 0.169444 0.873750 0.143333 0.022500
0 0.419444 0.873125 0.138889 0.018750
0 0.668889 0.873750 0.111111 0.020000
0 0.918889 0.873750 0.120000 0.022500
0 0.169444 0.946875 0.143333 0.021250
0 0.419444 0.951250 0.123333 0.017500
0 0.668889 0.945625 0.106667 0.021250
0 0.918889 0.950000 0.120000 0.020000