0 0.168889 0.065625 0.113333 0.023750
0 0.418889 0.068750 0.133333 0.025000
0 0.669444 0.070000 0.118889 0.020000
0 0.919444 0.065625 0.132222 0.021250
0 0.169444 0.141250 0.130000 0.022500
0 0.419444 0.140625 0.125556 0.023750
0 0.668889 0.141875 0.144444 0.023750
0 0.919444 0.141250 0.118889 0.025000
0 0.169444 0.216250 0.130000 0.025000
0 0.418889 0.220000 0.126667 0.020000
0 0.668889 0.219375 0.126667 0.021250
0 0.919444 0.218750 0.125556 0.025000
0 0.169444 0.291250 0.141111 0.022500
0 0.418889 0.291250 0.133333 0.022500
0 0.669444 0.291250 0.130000 0.022500
0 0.918889 0.290000 0.120000 0.022500
0 0.169444 0.362500 0.118889 0.022500
0 0.418889 0.366250 0.128889 0.017500
0 0.668889 0.366875 0.128889 0.021250
0 0.918889 0.363750 0.128889 0.022500
0 0.168889 0.440000 0.126667 0.020000
0 0.419444 0.436875 0.134444 0.021250
0 0.668889 0.435625 0.115556 0.023750
0 0.919444 0.440625 0.132222 0.016250
0 0.169444 0.513125 0.105556 0.018750
0 0.419444 0.510000 0.152222 0.020000
0 0.668889 0.512500 0.108889 0.025000
0 0.918889 0.512500 0.124444 0.017500
0 0.168889 0.587500 0.120000 0.025000
0 0.419444 0.590000 0.141111 0.017500
0 0.669444 0.585625 0.107778 0.021250
0 0.918889 0.585000 0.120000 0.022500
0 0.169444 0.661875 0.123333 0.021250
0 0.419444 0.661875 0.130000 0.021250
0 0.668889 0.661875 0.111111 0.016250
0 0.918889 0.658750 0.106667 0.022500
0 0.168889 0.735000 0.111111 0.015000
0 0.419444 0.735000 0.118889 0.022500
0 0.668889 0.731875 0.113333 0.021250
0 0.919444 0.736250 0.114444 0.020000
0 0.168889 0.805000 0.120000 0.020000
0 0.418889 0.807500 0.102222 0.025000
0 0.669444 0.805000 0.130000 0.022500
0 0.918889 0.805000 0.128889 0.022500
0 0.169444 0.880625 0.112222 0.021250
0 0.418889 0.882500 0.128889 0.022500
0 0.669444 0.882500 0.114444 0.022500
0 0.918889 0.880000 0.120000 0.022500
0 0.169444 0.951250 0.118889 0.022500
0 0.419444 0.955625 0.127778 0.016250
0 0.669444 0.952500 0.141111 0.022500
0 0.918889 0.951875 0.133333 0.021250