0 0.169444 0.068125 0.136667 0.021250
0 0.418889 0.068125 0.131111 0.023750
0 0.668889 0.068750 0.106667 0.017500
0 0.918889 0.067500 0.102222 0.025000
0 0.168889 0.143125 0.133333 0.023750
0 0.418889 0.143750 0.131111 0.025000
0 0.669444 0.143750 0.116667 0.017500
0 0.918889 0.143125 0.086667 0.018750
0 0.169444 0.216875 0.130000 0.023750
0 0.419444 0.216875 0.130000 0.023750
0 0.669444 0.220000 0.118889 0.020000
0 0.919444 0.218750 0.130000 0.025000
0 0.168889 0.290625 0.120000 0.021250
0 0.418889 0.290625 0.133333 0.021250
0 0.669444 0.291875 0.130000 0.023750
0 0.918889 0.296250 0.120000 0.017500
0 0.168889 0.365000 0.120000 0.022500
0 0.418889 0.365625 0.144444 0.023750
0 0.668889 0.365000 0.120000 0.022500
0 0.919444 0.363750 0.105556 0.022500
0 0.169444 0.442500 0.132222 0.022500
0 0.418889 0.441250 0.135556 0.025000
0 0.669444 0.437500 0.118889 0.022500
0 0.919444 0.439375 0.158889 0.023750
0 0.169444 0.514375 0.116667 0.023750
0 0.418889 0.514375 0.097778 0.023750
0 0.669444 0.515625 0.121111 0.023750
0 0.918889 0.513750 0.128889 0.022500
0 0.169444 0.587500 0.143333 0.022500
0 0.418889 0.586875 0.137778 0.021250
0 0.669444 0.590625 0.121111 0.016250
0 0.919444 0.590000 0.123333 0.025000
0 0.168889 0.662500 0.120000 0.022500
0 0.418889 0.663125 0.144444 0.023750
0 0.668889 0.661875 0.137778 0.021250
0 0.918889 0.662500 0.120000 0.022500
0 0.168889 0.738750 0.097778 0.017500
0 0.419444 0.738125 0.110000 0.021250
0 0.668889 0.735625 0.120000 0.021250
0 0.919444 0.736250 0.125556 0.020000
0 0.168889 0.808125 0.117778 0.023750
0 0.419444 0.806250 0.105556 0.022500
0 0.668889 0.808125 0.111111 0.023750
0 0.918889 0.806250 0.133333 0.022500
0 0.169444 0.881875 0.130000 0.023750
0 0.418889 0.883750 0.120000 0.025000
0 0.668889 0.884375 0.131111 0.016250
0 0.918889 0.880000 0.106667 0.022500
0 0.169444 0.957500 0.096667 0.017500
0 0.418889 0.957500 0.144444 0.022500
0 0.669444 0.957500 0.134444 0.025000
0 0.919444 0.956875 0.134444 0.021250