0 0.168889 0.065000 0.133333 0.022500
0 0.418889 0.066250 0.120000 0.022500
0 0.669444 0.070625 0.134444 0.021250
0 0.919444 0.066875 0.130000 0.023750
0 0.168889 0.138750 0.120000 0.022500
0 0.418889 0.142500 0.108889 0.017500
0 0.668889 0.140625 0.115556 0.023750
0 0.919444 0.143125 0.116667 0.018750
0 0.168889 0.215625 0.111111 0.021250
0 0.418889 0.213750 0.131111 0.020000
0 0.669444 0.214375 0.130000 0.023750
0 0.918889 0.213125 0.113333 0.023750
0 0.168889 0.287500 0.120000 0.022500
0 0.419444 0.290625 0.145556 0.021250
0 0.669444 0.288125 0.130000 0.021250
0 0.919444 0.290625 0.121111 0.016250
0 0.169444 0.361875 0.121111 0.023750
0 0.418889 0.360625 0.164444 0.021250
0 0.668889 0.358750 0.120000 0.022500
0 0.918889 0.358750 0.120000 0.022500
0 0.168889 0.435000 0.144444 0.025000
0 0.419444 0.436250 0.136667 0.025000
0 0.669444 0.434375 0.112222 0.023750
0 0.919444 0.433750 0.152222 0.020000
0 0.169444 0.508750 0.130000 0.022500
0 0.419444 0.509375 0.130000 0.023750
0 0.668889 0.510000 0.113333 0.025000
0 0.919444 0.509375 0.125556 0.026250
0 0.169444 0.586875 0.105556 0.023750
0 0.419444 0.586250 0.130000 0.022500
0 0.668889 0.587500 0.135556 0.025000
0 0.918889 0.584375 0.120000 0.021250
0 0.168889 0.659375 0.120000 0.021250
0 0.419444 0.662500 0.121111 0.017500
0 0.668889 0.663125 0.097778 0.018750
0 0.918889 0.659375 0.106667 0.021250
0 0.169444 0.731875 0.114444 0.021250
0 0.419444 0.730000 0.118889 0.022500
0 0.668889 0.730000 0.120000 0.022500
0 0.918889 0.730625 0.120000 0.021250
0 0.169444 0.803125 0.130000 0.023750
0 0.419444 0.806250 0.118889 0.022500
0 0.668889 0.805625 0.146667 0.023750
0 0.919444 0.806250 0.123333 0.025000
0 0.169444 0.878750 0.101111 0.020000
0 0.418889 0.878125 0.113333 0.023750
0 0.669444 0.878125 0.130000 0.023750
0 0.918889 0.878750 0.128889 0.022500
0 0.169444 0.953125 0.130000 0.023750
0 0.419444 0.956250 0.125556 0.020000
0 0.669444 0.954375 0.130000 0.021250
0 0.918889 0.951875 0.137778 0.021250