0 0.169444 0.067500 0.158889 0.025000
0 0.419444 0.065625 0.125556 0.023750
0 0.668889 0.065625 0.133333 0.021250
0 0.918889 0.066875 0.102222 0.023750
0 0.169444 0.143750 0.118889 0.022500
0 0.419444 0.143125 0.121111 0.016250
0 0.669444 0.141875 0.143333 0.023750
0 0.918889 0.141250 0.093333 0.020000
0 0.168889 0.218125 0.091111 0.018750
0 0.418889 0.213750 0.120000 0.022500
0 0.668889 0.215000 0.157778 0.022500
0 0.919444 0.213750 0.118889 0.022500
0 0.168889 0.290000 0.106667 0.020000
0 0.418889 0.291875 0.142222 0.018750
0 0.668889 0.290625 0.120000 0.021250
0 0.919444 0.289375 0.136667 0.021250
0 0.168889 0.358750 0.120000 0.022500
0 0.418889 0.361875 0.128889 0.018750
0 0.669444 0.360000 0.118889 0.025000
0 0.919444 0.359375 0.121111 0.021250
0 0.169444 0.436250 0.123333 0.025000
0 0.419444 0.434375 0.141111 0.021250
0 0.668889 0.433125 0.133333 0.021250
0 0.919444 0.436250 0.136667 0.025000
0 0.169444 0.508750 0.138889 0.020000
0 0.419444 0.508125 0.130000 0.023750
0 0.669444 0.507500 0.118889 0.022500
0 0.919444 0.509375 0.098889 0.021250
0 0.168889 0.583125 0.088889 0.021250
0 0.419444 0.585625 0.145556 0.021250
0 0.668889 0.581875 0.124444 0.021250
0 0.918889 0.581250 0.120000 0.022500
0 0.169444 0.655000 0.130000 0.022500
0 0.418889 0.655000 0.128889 0.022500
0 0.668889 0.654375 0.093333 0.021250
0 0.919444 0.659375 0.134444 0.021250
0 0.169444 0.730000 0.123333 0.025000
0 0.418889 0.727500 0.115556 0.025000
0 0.669444 0.728750 0.118889 0.025000
0 0.918889 0.727500 0.128889 0.022500
0 0.169444 0.801875 0.130000 0.023750
0 0.418889 0.801875 0.111111 0.023750
0 0.669444 0.805000 0.125556 0.025000
0 0.919444 0.802500 0.130000 0.022500
0 0.169444 0.880000 0.118889 0.025000
0 0.419444 0.878750 0.130000 0.022500
0 0.669444 0.878125 0.121111 0.021250
0 0.919444 0.876250 0.118889 0.022500
0 0.169444 0.951875 0.138889 0.021250
0 0.418889 0.955000 0.113333 0.017500
0 0.668889 0.952500 0.115556 0.022500
0 0.918889 0.955625 0.108889 0.018750