0 0.169444 0.069375 0.127778 0.021250
0 0.418889 0.067500 0.113333 0.025000
0 0.668889 0.069375 0.126667 0.021250
0 0.918889 0.066250 0.120000 0.022500
0 0.168889 0.143750 0.111111 0.017500
0 0.418889 0.141250 0.128889 0.022500
0 0.668889 0.143750 0.113333 0.020000
0 0.919444 0.141875 0.158889 0.023750
0 0.168889 0.215000 0.106667 0.022500
0 0.419444 0.216875 0.123333 0.021250
0 0.668889 0.214375 0.120000 0.021250
0 0.918889 0.218125 0.106667 0.018750
0 0.169444 0.288125 0.130000 0.023750
0 0.419444 0.290000 0.143333 0.022500
0 0.669444 0.288750 0.134444 0.025000
0 0.919444 0.289375 0.136667 0.021250
0 0.169444 0.362500 0.130000 0.022500
0 0.419444 0.363125 0.101111 0.021250
0 0.668889 0.361875 0.133333 0.021250
0 0.918889 0.361875 0.133333 0.021250
0 0.168889 0.433750 0.133333 0.022500
0 0.419444 0.438125 0.107778 0.016250
0 0.669444 0.436250 0.112222 0.025000
0 0.918889 0.435000 0.111111 0.020000
0 0.168889 0.510000 0.117778 0.020000
0 0.419444 0.511875 0.121111 0.023750
0 0.668889 0.511875 0.131111 0.023750
0 0.918889 0.508750 0.106667 0.022500
0 0.169444 0.583125 0.125556 0.021250
0 0.419444 0.586250 0.116667 0.017500
0 0.669444 0.588125 0.141111 0.018750
0 0.918889 0.583125 0.133333 0.021250
0 0.169444 0.656250 0.130000 0.022500
0 0.418889 0.658125 0.120000 0.016250
0 0.668889 0.655000 0.131111 0.020000
0 0.919444 0.655000 0.130000 0.022500
0 0.169444 0.726875 0.125556 0.018750
0 0.418889 0.729375 0.128889 0.021250
0 0.669444 0.730625 0.121111 0.018750
0 0.918889 0.726875 0.133333 0.021250
0 0.169444 0.799375 0.130000 0.023750
0 0.419444 0.798750 0.143333 0.022500
0 0.669444 0.799375 0.130000 0.023750
0 0.918889 0.801250 0.108889 0.017500
0 0.169444 0.876250 0.125556 0.020000
0 0.418889 0.876250 0.106667 0.022500
0 0.668889 0.875000 0.106667 0.017500
0 0.918889 0.871875 0.120000 0.021250
0 0.168889 0.945000 0.093333 0.020000
0 0.419444 0.948125 0.132222 0.018750
0 0.669444 0.945625 0.112222 0.021250
0 0.919444 0.945000 0.130000 0.025000