0 0.125000 0.068125 0.110000 0.021250
0 0.375000 0.068750 0.123333 0.025000
0 0.624444 0.066875 0.115556 0.023750
0 0.874444 0.065000 0.093333 0.022500
0 0.124444 0.141875 0.115556 0.023750
0 0.375000 0.143125 0.101111 0.021250
0 0.625000 0.140000 0.118889 0.022500
0 0.874444 0.140000 0.106667 0.022500
0 0.124444 0.218750 0.131111 0.020000
0 0.375000 0.216875 0.114444 0.021250
0 0.625000 0.216875 0.123333 0.021250
0 0.875000 0.216875 0.110000 0.018750
0 0.124444 0.286875 0.115556 0.021250
0 0.374444 0.285625 0.133333 0.021250
0 0.624444 0.288750 0.142222 0.025000
0 0.874444 0.286250 0.131111 0.020000
0 0.124444 0.362500 0.104444 0.017500
0 0.374444 0.362500 0.124444 0.025000
0 0.625000 0.360000 0.118889 0.022500
0 0.875000 0.362500 0.145556 0.025000
0 0.125000 0.436875 0.112222 0.021250
0 0.374444 0.435000 0.120000 0.022500
0 0.624444 0.435625 0.120000 0.021250
0 0.874444 0.435625 0.120000 0.021250
0 0.124444 0.507500 0.120000 0.022500
0 0.374444 0.510625 0.111111 0.016250
0 0.624444 0.508125 0.140000 0.023750
0 0.874444 0.508750 0.111111 0.020000
0 0.124444 0.581250 0.106667 0.022500
0 0.374444 0.581875 0.137778 0.021250
0 0.624444 0.583125 0.144444 0.023750
0 0.874444 0.585625 0.111111 0.018750
0 0.125000 0.656875 0.107778 0.023750
0 0.375000 0.656250 0.130000 0.025000
0 0.625000 0.658125 0.123333 0.021250
0 0.874444 0.656875 0.093333 0.023750
0 0.124444 0.730000 0.120000 0.022500
0 0.374444 0.731250 0.128889 0.022500
0 0.625000 0.733125 0.130000 0.021250
0 0.874444 0.730000 0.106667 0.022500
0 0.124444 0.802500 0.120000 0.022500
0 0.374444 0.802500 0.133333 0.022500
0 0.624444 0.808125 0.095556 0.021250
0 0.875000 0.805000 0.130000 0.025000
0 0.124444 0.881250 0.135556 0.025000
0 0.375000 0.879375 0.112222 0.021250
0 0.625000 0.879375 0.130000 0.023750
0 0.875000 0.879375 0.116667 0.023750
0 0.125000 0.956250 0.098889 0.015000
0 0.375000 0.954375 0.130000 0.023750
0 0.624444 0.953750 0.120000 0.022500
0 0.874444 0.953125 0.120000 0.021250