0 0.169444 0.068125 0.121111 0.023750
0 0.418889 0.065000 0.120000 0.022500
0 0.669444 0.067500 0.116667 0.022500
0 0.918889 0.068125 0.146667 0.023750
0 0.169444 0.140000 0.130000 0.022500
0 0.419444 0.143125 0.121111 0.016250
0 0.668889 0.143125 0.113333 0.018750
0 0.918889 0.140625 0.135556 0.021250
0 0.169444 0.213750 0.118889 0.025000
0 0.418889 0.213125 0.126667 0.021250
0 0.668889 0.211250 0.120000 0.022500
0 0.918889 0.212500 0.115556 0.022500
0 0.169444 0.291250 0.132222 0.017500
0 0.418889 0.291250 0.137778 0.017500
0 0.669444 0.287500 0.150000 0.022500
0 0.919444 0.286875 0.136667 0.021250
0 0.169444 0.363125 0.107778 0.018750
0 0.418889 0.358750 0.133333 0.022500
0 0.669444 0.360625 0.150000 0.021250
0 0.918889 0.363750 0.124444 0.020000
0 0.169444 0.435000 0.112222 0.017500
0 0.419444 0.435625 0.098889 0.018750
0 0.669444 0.435625 0.145556 0.021250
0 0.918889 0.434375 0.108889 0.021250
0 0.168889 0.506875 0.120000 0.018750
0 0.418889 0.508125 0.120000 0.016250
0 0.668889 0.503750 0.093333 0.020000
0 0.918889 0.504375 0.102222 0.023750
0 0.169444 0.580625 0.101111 0.021250
0 0.418889 0.580625 0.126667 0.018750
0 0.668889 0.577500 0.128889 0.022500
0 0.919444 0.580000 0.123333 0.017500
0 0.168889 0.652500 0.128889 0.022500
0 0.419444 0.650000 0.143333 0.022500
0 0.669444 0.650625 0.130000 0.021250
0 0.919444 0.650625 0.121111 0.021250
0 0.168889 0.726250 0.126667 0.017500
0 0.419444 0.721250 0.092222 0.022500
0 0.668889 0.722500 0.157778 0.022500
0 0.918889 0.726250 0.106667 0.015000
0 0.168889 0.795000 0.111111 0.020000
0 0.418889 0.798125 0.104444 0.018750
0 0.668889 0.798125 0.111111 0.016250
0 0.918889 0.799375 0.108889 0.016250
0 0.168889 0.864375 0.115556 0.023750
0 0.419444 0.868125 0.121111 0.016250
0 0.668889 0.863750 0.106667 0.022500
0 0.918889 0.865625 0.144444 0.023750
0 0.169444 0.938125 0.118889 0.023750
0 0.418889 0.940000 0.115556 0.022500
0 0.668889 0.941875 0.102222 0.021250
0 0.918889 0.938125 0.133333 0.021250