0 0.169444 0.068125 0.121111 0.023750
0 0.419444 0.065625 0.101111 0.023750
0 0.669444 0.065625 0.125556 0.023750
0 0.918889 0.069375 0.120000 0.021250
0 0.169444 0.143125 0.127778 0.018750
0 0.418889 0.140000 0.133333 0.022500
0 0.669444 0.140000 0.118889 0.025000
0 0.918889 0.141875 0.131111 0.023750
0 0.168889 0.214375 0.093333 0.021250
0 0.418889 0.213750 0.133333 0.022500
0 0.669444 0.217500 0.098889 0.015000
0 0.918889 0.213750 0.120000 0.022500
0 0.168889 0.291875 0.124444 0.016250
0 0.418889 0.286875 0.113333 0.021250
0 0.669444 0.287500 0.130000 0.022500
0 0.918889 0.291250 0.133333 0.022500
0 0.168889 0.358750 0.120000 0.022500
0 0.418889 0.359375 0.093333 0.021250
0 0.668889 0.360000 0.120000 0.020000
0 0.919444 0.360000 0.130000 0.022500
0 0.168889 0.434375 0.095556 0.018750
0 0.418889 0.433750 0.097778 0.017500
0 0.669444 0.434375 0.123333 0.021250
0 0.919444 0.435625 0.127778 0.021250
0 0.169444 0.504375 0.121111 0.021250
0 0.419444 0.505000 0.130000 0.025000
0 0.669444 0.504375 0.116667 0.023750
0 0.918889 0.505625 0.113333 0.016250
0 0.168889 0.577500 0.120000 0.022500
0 0.418889 0.582500 0.126667 0.017500
0 0.668889 0.579375 0.113333 0.023750
0 0.918889 0.578750 0.131111 0.020000
0 0.169444 0.657500 0.132222 0.017500
0 0.418889 0.653125 0.115556 0.023750
0 0.669444 0.651875 0.123333 0.021250
0 0.919444 0.655000 0.123333 0.025000
0 0.168889 0.730000 0.131111 0.025000
0 0.419444 0.731875 0.132222 0.016250
0 0.669444 0.728125 0.112222 0.021250
0 0.919444 0.726250 0.136667 0.020000
0 0.168889 0.803125 0.144444 0.023750
0 0.419444 0.804375 0.110000 0.018750
0 0.669444 0.803125 0.158889 0.023750
0 0.918889 0.806250 0.111111 0.017500
0 0.169444 0.878750 0.114444 0.017500
0 0.418889 0.876250 0.131111 0.020000
0 0.668889 0.878125 0.095556 0.018750
0 0.918889 0.876875 0.135556 0.021250
0 0.169444 0.949375 0.121111 0.016250
0 0.419444 0.951250 0.143333 0.017500
0 0.669444 0.950000 0.121111 0.015000
0 0.918889 0.946250 0.106667 0.022500