0 0.168889 0.066250 0.115556 0.022500
0 0.418889 0.065625 0.120000 0.021250
0 0.669444 0.066250 0.130000 0.022500
0 0.919444 0.068125 0.114444 0.021250
0 0.169444 0.137500 0.118889 0.022500
0 0.418889 0.138750 0.120000 0.020000
0 0.669444 0.141250 0.112222 0.017500
0 0.918889 0.141250 0.133333 0.025000
0 0.169444 0.213750 0.143333 0.022500
0 0.418889 0.215625 0.146667 0.023750
0 0.668889 0.216250 0.133333 0.025000
0 0.918889 0.212500 0.120000 0.022500
0 0.168889 0.290625 0.100000 0.016250
0 0.418889 0.288125 0.106667 0.021250
0 0.668889 0.288125 0.120000 0.021250
0 0.918889 0.288125 0.113333 0.023750
0 0.168889 0.362500 0.128889 0.022500
0 0.418889 0.362500 0.120000 0.020000
0 0.669444 0.366875 0.134444 0.018750
0 0.918889 0.362500 0.133333 0.022500
0 0.168889 0.434375 0.113333 0.023750
0 0.418889 0.435000 0.111111 0.020000
0 0.668889 0.439375 0.133333 0.018750
0 0.919444 0.435000 0.143333 0.022500
0 0.168889 0.508750 0.157778 0.022500
0 0.418889 0.509375 0.144444 0.023750
0 0.669444 0.509375 0.143333 0.023750
0 0.919444 0.510000 0.112222 0.025000
0 0.169444 0.588125 0.125556 0.021250
0 0.419444 0.586250 0.118889 0.017500
0 0.669444 0.586875 0.125556 0.021250
0 0.918889 0.583750 0.111111 0.020000
0 0.168889 0.654375 0.106667 0.021250
0 0.419444 0.653750 0.118889 0.022500
0 0.669444 0.658750 0.134444 0.020000
0 0.919444 0.657500 0.123333 0.025000
0 0.169444 0.731250 0.123333 0.025000
0 0.419444 0.729375 0.098889 0.018750
0 0.669444 0.730000 0.130000 0.022500
0 0.919444 0.733125 0.130000 0.016250
0 0.168889 0.804375 0.113333 0.023750
0 0.418889 0.806250 0.115556 0.022500
0 0.669444 0.805625 0.121111 0.021250
0 0.918889 0.805000 0.093333 0.020000
0 0.169444 0.878750 0.130000 0.022500
0 0.419444 0.882500 0.121111 0.017500
0 0.668889 0.878125 0.137778 0.021250
0 0.918889 0.883750 0.128889 0.017500
0 0.168889 0.951250 0.120000 0.022500
0 0.419444 0.955625 0.143333 0.018750
0 0.668889 0.953750 0.088889 0.017500
0 0.919444 0.951875 0.112222 0.021250