0 0.168889 0.070000 0.128889 0.020000
0 0.418889 0.067500 0.091111 0.017500
0 0.669444 0.066875 0.130000 0.023750
0 0.919444 0.066250 0.143333 0.022500
0 0.169444 0.142500 0.121111 0.017500
0 0.418889 0.140625 0.144444 0.023750
0 0.668889 0.141875 0.111111 0.016250
0 0.918889 0.140000 0.128889 0.022500
0 0.169444 0.218125 0.134444 0.021250
0 0.419444 0.214375 0.130000 0.021250
0 0.669444 0.216875 0.123333 0.016250
0 0.918889 0.214375 0.144444 0.023750
0 0.168889 0.289375 0.113333 0.016250
0 0.418889 0.291875 0.140000 0.018750
0 0.669444 0.287500 0.130000 0.022500
0 0.919444 0.286250 0.118889 0.022500
0 0.168889 0.360625 0.102222 0.021250
0 0.419444 0.360000 0.130000 0.022500
0 0.669444 0.360625 0.125556 0.023750
0 0.918889 0.363125 0.117778 0.016250
0 0.169444 0.438125 0.125556 0.021250
0 0.419444 0.433750 0.130000 0.022500
0 0.668889 0.437500 0.124444 0.017500
0 0.919444 0.436875 0.118889 0.021250
0 0.168889 0.511250 0.124444 0.017500
0 0.419444 0.506875 0.098889 0.021250
0 0.668889 0.505625 0.133333 0.021250
0 0.919444 0.506875 0.150000 0.021250
0 0.168889 0.577500 0.093333 0.022500
0 0.418889 0.576875 0.133333 0.021250
0 0.669444 0.577500 0.143333 0.022500
0 0.918889 0.580625 0.113333 0.018750
0 0.168889 0.648750 0.146667 0.022500
0 0.419444 0.649375 0.092222 0.018750
0 0.669444 0.651250 0.130000 0.022500
0 0.919444 0.653750 0.121111 0.017500
0 0.169444 0.725625 0.127778 0.016250
0 0.418889 0.722500 0.120000 0.022500
0 0.669444 0.722500 0.114444 0.022500
0 0.918889 0.726250 0.133333 0.017500
0 0.168889 0.794375 0.146667 0.021250
0 0.419444 0.796875 0.110000 0.021250
0 0.669444 0.796875 0.114444 0.021250
0 0.919444 0.798750 0.118889 0.020000
0 0.169444 0.867500 0.130000 0.022500
0 0.419444 0.867500 0.114444 0.025000
0 0.669444 0.865625 0.130000 0.023750
0 0.918889 0.867500 0.104444 0.017500
0 0.168889 0.940000 0.093333 0.020000
0 0.419444 0.942500 0.134444 0.025000
0 0.668889 0.945000 0.126667 0.017500
0 0.919444 0.944375 0.136667 0.016250