0 0.168889 0.069375 0.106667 0.018750
0 0.418889 0.066875 0.164444 0.021250
0 0.668889 0.066250 0.115556 0.022500
0 0.918889 0.068125 0.095556 0.018750
0 0.168889 0.138750 0.131111 0.020000
0 0.418889 0.138125 0.113333 0.021250
0 0.668889 0.138750 0.126667 0.022500
0 0.918889 0.140625 0.131111 0.023750
0 0.169444 0.213125 0.158889 0.023750
0 0.419444 0.212500 0.130000 0.022500
0 0.668889 0.212500 0.111111 0.020000
0 0.918889 0.215625 0.126667 0.018750
0 0.169444 0.286250 0.143333 0.022500
0 0.418889 0.290000 0.100000 0.020000
0 0.668889 0.288750 0.133333 0.025000
0 0.918889 0.285000 0.133333 0.022500
0 0.169444 0.361875 0.130000 0.023750
0 0.419444 0.363750 0.125556 0.025000
0 0.668889 0.363125 0.115556 0.021250
0 0.918889 0.361250 0.111111 0.020000
0 0.169444 0.440000 0.127778 0.017500
0 0.418889 0.439375 0.131111 0.016250
0 0.669444 0.437500 0.125556 0.022500
0 0.919444 0.436875 0.130000 0.023750
0 0.168889 0.510625 0.093333 0.021250
0 0.419444 0.513750 0.127778 0.017500
0 0.669444 0.510000 0.143333 0.022500
0 0.919444 0.510000 0.092222 0.020000
0 0.168889 0.581875 0.113333 0.021250
0 0.418889 0.582500 0.128889 0.022500
0 0.668889 0.584375 0.100000 0.021250
0 0.918889 0.581875 0.140000 0.023750
0 0.168889 0.659375 0.131111 0.018750
0 0.418889 0.656250 0.135556 0.022500
0 0.668889 0.655625 0.133333 0.021250
0 0.919444 0.660000 0.118889 0.020000
0 0.168889 0.729375 0.157778 0.023750
0 0.419444 0.729375 0.114444 0.021250
0 0.668889 0.731875 0.126667 0.016250
0 0.918889 0.728750 0.100000 0.020000
0 0.169444 0.805625 0.127778 0.021250
0 0.418889 0.803125 0.117778 0.023750
0 0.669444 0.804375 0.130000 0.021250
0 0.919444 0.806875 0.118889 0.018750
0 0.168889 0.876250 0.115556 0.025000
0 0.418889 0.876875 0.144444 0.023750
0 0.669444 0.879375 0.125556 0.021250
0 0.919444 0.876875 0.121111 0.021250
0 0.168889 0.953125 0.117778 0.023750
0 0.418889 0.950000 0.120000 0.022500
0 0.669444 0.953125 0.130000 0.021250
0 0.919444 0.951250 0.130000 0.022500