0 0.169444 0.067500 0.125556 0.022500
0 0.419444 0.070000 0.134444 0.017500
0 0.669444 0.066875 0.158889 0.023750
0 0.918889 0.066250 0.120000 0.022500
0 0.168889 0.139375 0.113333 0.021250
0 0.419444 0.140000 0.143333 0.022500
0 0.668889 0.140625 0.144444 0.023750
0 0.918889 0.143125 0.126667 0.021250
0 0.169444 0.217500 0.121111 0.017500
0 0.418889 0.215625 0.115556 0.021250
0 0.669444 0.213125 0.134444 0.021250
0 0.918889 0.213750 0.126667 0.020000
0 0.169444 0.287500 0.121111 0.017500
0 0.418889 0.288125 0.106667 0.016250
0 0.669444 0.284375 0.130000 0.023750
0 0.919444 0.285625 0.116667 0.023750
0 0.169444 0.360000 0.096667 0.017500
0 0.419444 0.359375 0.158889 0.023750
0 0.668889 0.358750 0.106667 0.022500
0 0.918889 0.357500 0.093333 0.022500
0 0.168889 0.432500 0.120000 0.020000
0 0.418889 0.435000 0.148889 0.025000
0 0.669444 0.432500 0.130000 0.022500
0 0.919444 0.435000 0.103333 0.017500
0 0.168889 0.511875 0.124444 0.016250
0 0.419444 0.508750 0.083333 0.017500
0 0.669444 0.508125 0.112222 0.021250
0 0.918889 0.510000 0.124444 0.025000
0 0.168889 0.582500 0.106667 0.022500
0 0.419444 0.583125 0.118889 0.023750
0 0.668889 0.582500 0.106667 0.022500
0 0.919444 0.583125 0.123333 0.023750
0 0.168889 0.655625 0.100000 0.021250
0 0.419444 0.657500 0.130000 0.022500
0 0.668889 0.658125 0.111111 0.021250
0 0.919444 0.658125 0.130000 0.021250
0 0.169444 0.732500 0.143333 0.020000
0 0.419444 0.728750 0.130000 0.025000
0 0.668889 0.728125 0.120000 0.021250
0 0.918889 0.729375 0.144444 0.023750
0 0.168889 0.807500 0.148889 0.017500
0 0.418889 0.803125 0.140000 0.023750
0 0.669444 0.806875 0.118889 0.021250
0 0.918889 0.805000 0.102222 0.022500
0 0.168889 0.881250 0.135556 0.017500
0 0.419444 0.878125 0.125556 0.026250
0 0.669444 0.878125 0.121111 0.021250
0 0.919444 0.878125 0.130000 0.023750
0 0.168889 0.955000 0.104444 0.017500
0 0.419444 0.956250 0.121111 0.017500
0 0.669444 0.957500 0.132222 0.017500
0 0.918889 0.956875 0.108889 0.018750