0 0.168889 0.065625 0.120000 0.021250
0 0.418889 0.066875 0.164444 0.021250
0 0.669444 0.068750 0.123333 0.025000
0 0.919444 0.066250 0.125556 0.020000
0 0.168889 0.141250 0.097778 0.017500
0 0.419444 0.140000 0.092222 0.022500
0 0.668889 0.140000 0.120000 0.022500
0 0.918889 0.140000 0.133333 0.022500
0 0.169444 0.213750 0.130000 0.022500
0 0.419444 0.213750 0.130000 0.022500
0 0.668889 0.213750 0.128889 0.022500
0 0.919444 0.216250 0.110000 0.017500
0 0.169444 0.286250 0.143333 0.022500
0 0.418889 0.286875 0.111111 0.026250
0 0.669444 0.286250 0.125556 0.020000
0 0.918889 0.286250 0.120000 0.022500
0 0.169444 0.363125 0.130000 0.023750
0 0.418889 0.362500 0.135556 0.022500
0 0.669444 0.365625 0.125556 0.016250
0 0.919444 0.364375 0.110000 0.016250
0 0.169444 0.438750 0.136667 0.025000
0 0.419444 0.435000 0.118889 0.022500
0 0.668889 0.438125 0.124444 0.018750
0 0.918889 0.436250 0.115556 0.022500
0 0.169444 0.513125 0.121111 0.023750
0 0.418889 0.510000 0.120000 0.022500
0 0.668889 0.511875 0.144444 0.023750
0 0.918889 0.513750 0.106667 0.020000
0 0.169444 0.585625 0.125556 0.023750
0 0.418889 0.584375 0.120000 0.021250
0 0.668889 0.585625 0.102222 0.021250
0 0.919444 0.585000 0.143333 0.022500
0 0.169444 0.661250 0.118889 0.025000
0 0.419444 0.658750 0.143333 0.022500
0 0.668889 0.660000 0.104444 0.017500
0 0.918889 0.658750 0.093333 0.020000
0 0.168889 0.735000 0.144444 0.022500
0 0.418889 0.736875 0.120000 0.021250
0 0.668889 0.735000 0.144444 0.022500
0 0.918889 0.732500 0.093333 0.022500
0 0.168889 0.805000 0.120000 0.022500
0 0.418889 0.806250 0.115556 0.022500
0 0.669444 0.806250 0.114444 0.022500
0 0.919444 0.808750 0.123333 0.017500
0 0.169444 0.879375 0.150000 0.021250
0 0.419444 0.881875 0.130000 0.016250
0 0.668889 0.880000 0.144444 0.022500
0 0.918889 0.877500 0.120000 0.022500
0 0.169444 0.953750 0.123333 0.025000
0 0.418889 0.951250 0.128889 0.022500
0 0.668889 0.951875 0.144444 0.023750
0 0.919444 0.951875 0.130000 0.023750