0 0.168889 0.068125 0.131111 0.023750
0 0.419444 0.066875 0.130000 0.023750
0 0.669444 0.070000 0.147778 0.017500
0 0.919444 0.066250 0.143333 0.022500
0 0.169444 0.141875 0.130000 0.021250
0 0.418889 0.141875 0.131111 0.023750
0 0.668889 0.139375 0.144444 0.021250
0 0.918889 0.143750 0.128889 0.020000
0 0.169444 0.213750 0.130000 0.022500
0 0.419444 0.215000 0.125556 0.022500
0 0.668889 0.213750 0.135556 0.022500
0 0.919444 0.212500 0.105556 0.022500
0 0.169444 0.290000 0.107778 0.017500
0 0.418889 0.288750 0.135556 0.025000
0 0.669444 0.290625 0.134444 0.021250
0 0.919444 0.291250 0.138889 0.017500
0 0.168889 0.361250 0.120000 0.022500
0 0.419444 0.360000 0.118889 0.022500
0 0.668889 0.362500 0.091111 0.017500
0 0.919444 0.363750 0.105556 0.020000
0 0.168889 0.436875 0.113333 0.018750
0 0.419444 0.434375 0.141111 0.021250
0 0.669444 0.433750 0.130000 0.022500
0 0.918889 0.433125 0.120000 0.021250
0 0.168889 0.510625 0.115556 0.021250
0 0.419444 0.510625 0.134444 0.021250
0 0.669444 0.505000 0.132222 0.022500
0 0.918889 0.507500 0.113333 0.025000
0 0.168889 0.584375 0.128889 0.018750
0 0.419444 0.583750 0.123333 0.025000
0 0.668889 0.584375 0.100000 0.018750
0 0.919444 0.581250 0.130000 0.022500
0 0.168889 0.655000 0.093333 0.022500
0 0.419444 0.657500 0.127778 0.025000
0 0.669444 0.656875 0.116667 0.023750
0 0.918889 0.656250 0.111111 0.020000
0 0.169444 0.731875 0.112222 0.021250
0 0.419444 0.732500 0.130000 0.025000
0 0.669444 0.732500 0.116667 0.022500
0 0.919444 0.732500 0.130000 0.022500
0 0.169444 0.808750 0.101111 0.017500
0 0.418889 0.806250 0.093333 0.020000
0 0.669444 0.805625 0.130000 0.023750
0 0.919444 0.809375 0.116667 0.018750
0 0.168889 0.884375 0.148889 0.018750
0 0.418889 0.883750 0.137778 0.017500
0 0.668889 0.883125 0.100000 0.018750
0 0.918889 0.882500 0.113333 0.017500
0 0.169444 0.950000 0.130000 0.025000
0 0.419444 0.948750 0.130000 0.022500
0 0.668889 0.951250 0.117778 0.025000
0 0.919444 0.951250 0.123333 0.017500