0 0.168889 0.070000 0.120000 0.020000
0 0.419444 0.066250 0.143333 0.022500
0 0.668889 0.066250 0.115556 0.025000
0 0.919444 0.070000 0.107778 0.020000
0 0.169444 0.145000 0.127778 0.020000
0 0.419444 0.142500 0.130000 0.022500
0 0.668889 0.140000 0.146667 0.022500
0 0.918889 0.140625 0.115556 0.023750
0 0.169444 0.218125 0.107778 0.016250
0 0.418889 0.218125 0.131111 0.016250
0 0.669444 0.215625 0.143333 0.023750
0 0.918889 0.216250 0.144444 0.022500
0 0.169444 0.289375 0.130000 0.023750
0 0.418889 0.290000 0.091111 0.017500
0 0.668889 0.287500 0.120000 0.022500
0 0.918889 0.288750 0.128889 0.022500
0 0.168889 0.366250 0.115556 0.017500
0 0.419444 0.365000 0.118889 0.022500
0 0.668889 0.365000 0.142222 0.025000
0 0.919444 0.364375 0.101111 0.021250
0 0.168889 0.438125 0.124444 0.023750
0 0.418889 0.440625 0.111111 0.016250
0 0.669444 0.439375 0.110000 0.021250
0 0.919444 0.438125 0.112222 0.021250
0 0.169444 0.515000 0.130000 0.017500
0 0.419444 0.511250 0.130000 0.025000
0 0.669444 0.511875 0.143333 0.021250
0 0.918889 0.515000 0.120000 0.020000
0 0.168889 0.586250 0.115556 0.022500
0 0.419444 0.586250 0.130000 0.022500
0 0.668889 0.585000 0.120000 0.022500
0 0.919444 0.586250 0.114444 0.022500
0 0.168889 0.658125 0.157778 0.021250
0 0.419444 0.658750 0.130000 0.022500
0 0.668889 0.660625 0.108889 0.021250
0 0.918889 0.662500 0.124444 0.017500
0 0.169444 0.732500 0.116667 0.022500
0 0.419444 0.731250 0.101111 0.020000
0 0.669444 0.733125 0.110000 0.021250
0 0.918889 0.732500 0.124444 0.025000
0 0.169444 0.808750 0.123333 0.025000
0 0.418889 0.805625 0.133333 0.021250
0 0.669444 0.805625 0.138889 0.018750
0 0.918889 0.806875 0.115556 0.023750
0 0.169444 0.883125 0.123333 0.021250
0 0.418889 0.885000 0.135556 0.020000
0 0.669444 0.881875 0.107778 0.023750
0 0.919444 0.883750 0.121111 0.017500
0 0.168889 0.960000 0.124444 0.017500
0 0.418889 0.955000 0.131111 0.020000
0 0.668889 0.954375 0.120000 0.021250
0 0.918889 0.955000 0.131111 0.020000