0 0.169444 0.070000 0.110000 0.020000
0 0.419444 0.065625 0.098889 0.023750
0 0.668889 0.069375 0.131111 0.016250
0 0.919444 0.066875 0.158889 0.023750
0 0.168889 0.139375 0.131111 0.018750
0 0.419444 0.143125 0.125556 0.016250
0 0.668889 0.140625 0.144444 0.023750
0 0.918889 0.142500 0.148889 0.025000
0 0.169444 0.215625 0.130000 0.023750
0 0.419444 0.218750 0.132222 0.017500
0 0.669444 0.218125 0.123333 0.016250
0 0.918889 0.214375 0.120000 0.021250
0 0.168889 0.287500 0.120000 0.022500
0 0.419444 0.291250 0.121111 0.017500
0 0.669444 0.290625 0.110000 0.021250
0 0.919444 0.290625 0.121111 0.023750
0 0.169444 0.364375 0.123333 0.021250
0 0.418889 0.361875 0.093333 0.021250
0 0.669444 0.361875 0.132222 0.021250
0 0.919444 0.364375 0.103333 0.018750
0 0.169444 0.433750 0.130000 0.022500
0 0.418889 0.433750 0.120000 0.020000
0 0.669444 0.433750 0.092222 0.020000
0 0.919444 0.436250 0.110000 0.017500
0 0.169444 0.506250 0.130000 0.022500
0 0.418889 0.506875 0.164444 0.021250
0 0.669444 0.505000 0.118889 0.022500
0 0.919444 0.508750 0.114444 0.022500
0 0.168889 0.577500 0.106667 0.022500
0 0.418889 0.578125 0.133333 0.021250
0 0.668889 0.578125 0.120000 0.021250
0 0.919444 0.578750 0.141111 0.022500
0 0.169444 0.651875 0.116667 0.023750
0 0.418889 0.650625 0.124444 0.021250
0 0.669444 0.650625 0.130000 0.023750
0 0.919444 0.651875 0.114444 0.021250
0 0.168889 0.723750 0.133333 0.022500
0 0.419444 0.727500 0.110000 0.017500
0 0.668889 0.724375 0.120000 0.021250
0 0.918889 0.725000 0.157778 0.022500
0 0.169444 0.798125 0.121111 0.021250
0 0.419444 0.800000 0.136667 0.025000
0 0.669444 0.798125 0.107778 0.023750
0 0.918889 0.798125 0.144444 0.023750
0 0.168889 0.875625 0.117778 0.021250
0 0.419444 0.873125 0.130000 0.023750
0 0.669444 0.873125 0.112222 0.023750
0 0.919444 0.874375 0.114444 0.021250
0 0.168889 0.945625 0.093333 0.021250
0 0.419444 0.949375 0.105556 0.016250
0 0.668889 0.946875 0.144444 0.023750
0 0.918889 0.948125 0.111111 0.016250