0 0.168889 0.069375 0.113333 0.018750
0 0.418889 0.065000 0.106667 0.022500
0 0.669444 0.066875 0.141111 0.021250
0 0.919444 0.069375 0.136667 0.018750
0 0.169444 0.140625 0.121111 0.023750
0 0.418889 0.140000 0.140000 0.022500
0 0.668889 0.138750 0.080000 0.020000
0 0.919444 0.139375 0.098889 0.021250
0 0.169444 0.212500 0.152222 0.020000
0 0.418889 0.215000 0.120000 0.025000
0 0.669444 0.214375 0.101111 0.018750
0 0.919444 0.213750 0.130000 0.025000
0 0.168889 0.291250 0.128889 0.017500
0 0.419444 0.287500 0.141111 0.022500
0 0.669444 0.289375 0.114444 0.021250
0 0.918889 0.288125 0.106667 0.023750
0 0.168889 0.360625 0.113333 0.021250
0 0.419444 0.363125 0.130000 0.021250
0 0.668889 0.361250 0.120000 0.022500
0 0.919444 0.363125 0.101111 0.018750
0 0.168889 0.436250 0.111111 0.017500
0 0.419444 0.433750 0.130000 0.022500
0 0.669444 0.433750 0.143333 0.022500
0 0.918889 0.433750 0.131111 0.020000
0 0.169444 0.506875 0.130000 0.023750
0 0.419444 0.505000 0.138889 0.020000
0 0.668889 0.506250 0.106667 0.022500
0 0.919444 0.508750 0.107778 0.025000
0 0.168889 0.585625 0.106667 0.021250
0 0.419444 0.581250 0.105556 0.025000
0 0.668889 0.581875 0.093333 0.021250
0 0.919444 0.583750 0.101111 0.017500
0 0.169444 0.660000 0.127778 0.020000
0 0.418889 0.657500 0.144444 0.022500
0 0.668889 0.656250 0.115556 0.025000
0 0.918889 0.655625 0.106667 0.021250
0 0.169444 0.731875 0.103333 0.023750
0 0.419444 0.734375 0.098889 0.018750
0 0.669444 0.734375 0.145556 0.021250
0 0.918889 0.734375 0.120000 0.021250
0 0.168889 0.805000 0.128889 0.022500
0 0.419444 0.809375 0.125556 0.021250
0 0.669444 0.806875 0.110000 0.021250
0 0.919444 0.805625 0.158889 0.023750
0 0.169444 0.879375 0.150000 0.021250
0 0.419444 0.881250 0.103333 0.017500
0 0.669444 0.879375 0.118889 0.023750
0 0.919444 0.879375 0.130000 0.023750
0 0.169444 0.952500 0.101111 0.020000
0 0.419444 0.955000 0.125556 0.025000
0 0.669444 0.953125 0.123333 0.023750
0 0.919444 0.953125 0.130000 0.023750