0 0.169444 0.066875 0.101111 0.021250
0 0.418889 0.067500 0.091111 0.017500
0 0.668889 0.070000 0.137778 0.017500
0 0.918889 0.066875 0.113333 0.023750
0 0.168889 0.142500 0.113333 0.020000
0 0.419444 0.141875 0.130000 0.021250
0 0.668889 0.139375 0.133333 0.021250
0 0.919444 0.140625 0.130000 0.021250
0 0.168889 0.212500 0.144444 0.022500
0 0.419444 0.214375 0.110000 0.021250
0 0.669444 0.213125 0.121111 0.016250
0 0.918889 0.211250 0.128889 0.022500
0 0.169444 0.284375 0.098889 0.021250
0 0.418889 0.283125 0.120000 0.021250
0 0.668889 0.285000 0.102222 0.022500
0 0.919444 0.284375 0.112222 0.021250
0 0.169444 0.356875 0.112222 0.021250
0 0.418889 0.358125 0.111111 0.016250
0 0.668889 0.358750 0.113333 0.020000
0 0.918889 0.356250 0.120000 0.020000
0 0.169444 0.430000 0.121111 0.017500
0 0.418889 0.430625 0.106667 0.018750
0 0.668889 0.428125 0.144444 0.023750
0 0.918889 0.428125 0.144444 0.023750
0 0.169444 0.502500 0.118889 0.025000
0 0.419444 0.503750 0.107778 0.025000
0 0.669444 0.500000 0.118889 0.022500
0 0.918889 0.500000 0.120000 0.022500
0 0.168889 0.576875 0.144444 0.023750
0 0.418889 0.576250 0.115556 0.022500
0 0.669444 0.578750 0.123333 0.017500
0 0.919444 0.578125 0.121111 0.023750
0 0.169444 0.651875 0.110000 0.018750
0 0.419444 0.650000 0.130000 0.022500
0 0.669444 0.652500 0.121111 0.017500
0 0.919444 0.650625 0.130000 0.023750
0 0.169444 0.727500 0.121111 0.015000
0 0.419444 0.723750 0.125556 0.020000
0 0.669444 0.724375 0.116667 0.023750
0 0.918889 0.725000 0.140000 0.022500
0 0.169444 0.798125 0.130000 0.023750
0 0.418889 0.801250 0.126667 0.017500
0 0.669444 0.798750 0.092222 0.025000
0 0.919444 0.798125 0.130000 0.023750
0 0.169444 0.876250 0.121111 0.017500
0 0.418889 0.876250 0.124444 0.017500
0 0.669444 0.873750 0.114444 0.025000
0 0.919444 0.871875 0.125556 0.023750
0 0.169444 0.948750 0.125556 0.022500
0 0.419444 0.946875 0.098889 0.018750
0 0.668889 0.949375 0.095556 0.018750
0 0.919444 0.950625 0.121111 0.016250