0 0.168889 0.069375 0.128889 0.018750
0 0.419444 0.068750 0.147778 0.025000
0 0.668889 0.069375 0.128889 0.021250
0 0.918889 0.066875 0.140000 0.023750
0 0.168889 0.141250 0.131111 0.020000
0 0.419444 0.142500 0.130000 0.022500
0 0.668889 0.140000 0.120000 0.022500
0 0.918889 0.141875 0.080000 0.018750
0 0.168889 0.215625 0.108889 0.021250
0 0.419444 0.215625 0.103333 0.018750
0 0.669444 0.214375 0.158889 0.023750
0 0.918889 0.216875 0.113333 0.018750
0 0.168889 0.286875 0.133333 0.021250
0 0.419444 0.286250 0.118889 0.022500
0 0.669444 0.289375 0.130000 0.021250
0 0.919444 0.291875 0.125556 0.021250
0 0.168889 0.364375 0.124444 0.016250
0 0.419444 0.363750 0.107778 0.020000
0 0.668889 0.360000 0.106667 0.022500
0 0.918889 0.359375 0.106667 0.021250
0 0.169444 0.432500 0.138889 0.020000
0 0.418889 0.435000 0.126667 0.017500
0 0.669444 0.431250 0.132222 0.022500
0 0.919444 0.433750 0.101111 0.020000
0 0.169444 0.506875 0.130000 0.021250
0 0.419444 0.504375 0.138889 0.021250
0 0.669444 0.505625 0.112222 0.021250
0 0.919444 0.503750 0.118889 0.022500
0 0.169444 0.580000 0.123333 0.017500
0 0.419444 0.580000 0.123333 0.017500
0 0.669444 0.580000 0.110000 0.017500
0 0.919444 0.578125 0.158889 0.023750
0 0.168889 0.655000 0.131111 0.017500
0 0.418889 0.650625 0.120000 0.021250
0 0.668889 0.654375 0.093333 0.018750
0 0.918889 0.651250 0.111111 0.020000
0 0.169444 0.722500 0.150000 0.022500
0 0.418889 0.721875 0.137778 0.021250
0 0.668889 0.723125 0.144444 0.023750
0 0.919444 0.725000 0.123333 0.017500
0 0.168889 0.795000 0.106667 0.022500
0 0.419444 0.799375 0.121111 0.018750
0 0.668889 0.798125 0.086667 0.018750
0 0.918889 0.796250 0.128889 0.022500
0 0.169444 0.868125 0.125556 0.023750
0 0.419444 0.872500 0.118889 0.017500
0 0.668889 0.867500 0.120000 0.022500
0 0.918889 0.872500 0.108889 0.017500
0 0.168889 0.947500 0.126667 0.017500
0 0.418889 0.944375 0.113333 0.016250
0 0.669444 0.944375 0.101111 0.018750
0 0.918889 0.944375 0.111111 0.016250