0 0.168889 0.069375 0.113333 0.016250
0 0.418889 0.065625 0.106667 0.021250
0 0.668889 0.067500 0.104444 0.017500
0 0.919444 0.070000 0.121111 0.017500
0 0.169444 0.137500 0.130000 0.022500
0 0.419444 0.138125 0.116667 0.023750
0 0.669444 0.140000 0.125556 0.025000
0 0.919444 0.141250 0.136667 0.017500
0 0.168889 0.214375 0.115556 0.021250
0 0.418889 0.212500 0.115556 0.022500
0 0.669444 0.215000 0.103333 0.025000
0 0.919444 0.211875 0.118889 0.023750
0 0.169444 0.290625 0.121111 0.018750
0 0.419444 0.286875 0.130000 0.023750
0 0.668889 0.286250 0.120000 0.022500
0 0.918889 0.286875 0.133333 0.021250
0 0.169444 0.363750 0.112222 0.017500
0 0.419444 0.361250 0.098889 0.020000
0 0.668889 0.360625 0.144444 0.023750
0 0.918889 0.361875 0.128889 0.021250
0 0.169444 0.437500 0.110000 0.020000
0 0.419444 0.434375 0.125556 0.023750
0 0.669444 0.435625 0.107778 0.023750
0 0.919444 0.435000 0.143333 0.022500
0 0.169444 0.508750 0.130000 0.022500
0 0.419444 0.508125 0.118889 0.023750
0 0.669444 0.512500 0.125556 0.020000
0 0.919444 0.508125 0.125556 0.021250
0 0.169444 0.583125 0.121111 0.021250
0 0.418889 0.585000 0.091111 0.020000
0 0.668889 0.585625 0.106667 0.018750
0 0.919444 0.585625 0.114444 0.018750
0 0.168889 0.657500 0.100000 0.017500
0 0.418889 0.652500 0.120000 0.022500
0 0.668889 0.656250 0.128889 0.022500
0 0.919444 0.657500 0.145556 0.020000
0 0.168889 0.728125 0.088889 0.018750
0 0.419444 0.729375 0.110000 0.021250
0 0.669444 0.726250 0.125556 0.020000
0 0.918889 0.728750 0.128889 0.022500
0 0.168889 0.799375 0.140000 0.023750
0 0.418889 0.798750 0.115556 0.025000
0 0.669444 0.800625 0.123333 0.021250
0 0.919444 0.800625 0.130000 0.021250
0 0.168889 0.875625 0.111111 0.016250
0 0.419444 0.874375 0.130000 0.023750
0 0.668889 0.873125 0.113333 0.021250
0 0.919444 0.873125 0.118889 0.023750
0 0.168889 0.947500 0.120000 0.022500
0 0.418889 0.946875 0.113333 0.021250
0 0.668889 0.947500 0.115556 0.025000
0 0.918889 0.950000 0.128889 0.022500