0 0.169444 0.068750 0.094444 0.020000
0 0.419444 0.068750 0.123333 0.017500
0 0.668889 0.068125 0.113333 0.016250
0 0.919444 0.066875 0.134444 0.021250
0 0.168889 0.139375 0.111111 0.016250
0 0.419444 0.137500 0.130000 0.022500
0 0.668889 0.136875 0.115556 0.023750
0 0.918889 0.141875 0.115556 0.018750
0 0.169444 0.211875 0.112222 0.021250
0 0.419444 0.213125 0.121111 0.023750
0 0.669444 0.212500 0.158889 0.022500
0 0.919444 0.211250 0.130000 0.025000
0 0.169444 0.288750 0.123333 0.017500
0 0.418889 0.285000 0.120000 0.022500
0 0.669444 0.285625 0.092222 0.018750
0 0.918889 0.286875 0.128889 0.023750
0 0.168889 0.360000 0.120000 0.022500
0 0.418889 0.362500 0.131111 0.025000
0 0.669444 0.359375 0.118889 0.023750
0 0.918889 0.359375 0.120000 0.021250
0 0.169444 0.439375 0.125556 0.021250
0 0.418889 0.435000 0.120000 0.022500
0 0.668889 0.435000 0.120000 0.020000
0 0.918889 0.433750 0.120000 0.022500
0 0.168889 0.508125 0.128889 0.023750
0 0.418889 0.511250 0.122222 0.017500
0 0.669444 0.508125 0.130000 0.021250
0 0.919444 0.511250 0.125556 0.022500
0 0.169444 0.580625 0.125556 0.023750
0 0.419444 0.582500 0.132222 0.025000
0 0.669444 0.583750 0.123333 0.025000
0 0.918889 0.583125 0.115556 0.021250
0 0.169444 0.656875 0.150000 0.021250
0 0.418889 0.659375 0.113333 0.016250
0 0.668889 0.657500 0.140000 0.022500
0 0.919444 0.655000 0.132222 0.022500
0 0.169444 0.730000 0.130000 0.022500
0 0.418889 0.731250 0.104444 0.017500
0 0.668889 0.727500 0.120000 0.022500
0 0.919444 0.729375 0.112222 0.023750
0 0.168889 0.805000 0.128889 0.022500
0 0.418889 0.801875 0.115556 0.023750
0 0.668889 0.803750 0.111111 0.022500
0 0.919444 0.803125 0.158889 0.023750
0 0.169444 0.880000 0.141111 0.020000
0 0.419444 0.876875 0.158889 0.023750
0 0.669444 0.875000 0.118889 0.022500
0 0.918889 0.875625 0.124444 0.021250
0 0.168889 0.954375 0.140000 0.018750
0 0.419444 0.948750 0.118889 0.022500
0 0.668889 0.953125 0.124444 0.018750
0 0.918889 0.948750 0.106667 0.022500