0 0.169444 0.067500 0.123333 0.025000
0 0.419444 0.066250 0.143333 0.022500
0 0.668889 0.066250 0.120000 0.020000
0 0.919444 0.067500 0.158889 0.022500
0 0.169444 0.141875 0.087778 0.021250
0 0.419444 0.144375 0.118889 0.021250
0 0.669444 0.141250 0.143333 0.022500
0 0.919444 0.145000 0.130000 0.020000
0 0.169444 0.213750 0.130000 0.025000
0 0.419444 0.215625 0.101111 0.021250
0 0.668889 0.215000 0.117778 0.025000
0 0.919444 0.213750 0.141111 0.020000
0 0.169444 0.290000 0.096667 0.017500
0 0.418889 0.288125 0.146667 0.021250
0 0.669444 0.288750 0.130000 0.022500
0 0.919444 0.289375 0.130000 0.021250
0 0.169444 0.364375 0.121111 0.016250
0 0.418889 0.363750 0.113333 0.020000
0 0.668889 0.364375 0.100000 0.018750
0 0.918889 0.360625 0.120000 0.021250
0 0.169444 0.436250 0.125556 0.020000
0 0.418889 0.432500 0.106667 0.022500
0 0.669444 0.436250 0.121111 0.017500
0 0.919444 0.432500 0.130000 0.022500
0 0.169444 0.505000 0.098889 0.020000
0 0.419444 0.505625 0.141111 0.021250
0 0.669444 0.503750 0.105556 0.022500
0 0.919444 0.505000 0.130000 0.025000
0 0.168889 0.579375 0.106667 0.021250
0 0.418889 0.579375 0.137778 0.021250
0 0.668889 0.581250 0.113333 0.025000
0 0.919444 0.581250 0.130000 0.025000
0 0.168889 0.654375 0.113333 0.021250
0 0.419444 0.654375 0.158889 0.021250
0 0.668889 0.654375 0.120000 0.021250
0 0.919444 0.656875 0.121111 0.023750
0 0.169444 0.730625 0.110000 0.021250
0 0.418889 0.727500 0.146667 0.022500
0 0.668889 0.730000 0.097778 0.017500
0 0.919444 0.730625 0.123333 0.023750
0 0.168889 0.804375 0.111111 0.016250
0 0.419444 0.803750 0.158889 0.022500
0 0.668889 0.801250 0.093333 0.020000
0 0.919444 0.805625 0.118889 0.016250
0 0.169444 0.878125 0.118889 0.018750
0 0.419444 0.878125 0.127778 0.021250
0 0.669444 0.878750 0.118889 0.020000
0 0.918889 0.874375 0.133333 0.021250
0 0.168889 0.946250 0.120000 0.020000
0 0.419444 0.948750 0.118889 0.022500
0 0.668889 0.948750 0.128889 0.022500
0 0.918889 0.950625 0.142222 0.018750