0 0.169444 0.066875 0.130000 0.023750
0 0.419444 0.068750 0.125556 0.025000
0 0.668889 0.069375 0.106667 0.018750
0 0.918889 0.065625 0.146667 0.021250
0 0.168889 0.140000 0.120000 0.022500
0 0.419444 0.141250 0.112222 0.020000
0 0.669444 0.141875 0.125556 0.026250
0 0.918889 0.141875 0.144444 0.023750
0 0.168889 0.219375 0.095556 0.018750
0 0.419444 0.217500 0.130000 0.022500
0 0.669444 0.216250 0.118889 0.022500
0 0.918889 0.216875 0.097778 0.018750
0 0.168889 0.293125 0.128889 0.016250
0 0.418889 0.292500 0.133333 0.025000
0 0.669444 0.290625 0.130000 0.023750
0 0.919444 0.295000 0.132222 0.017500
0 0.168889 0.363750 0.120000 0.022500
0 0.419444 0.366250 0.158889 0.022500
0 0.668889 0.367500 0.128889 0.022500
0 0.919444 0.365000 0.130000 0.025000
0 0.168889 0.443125 0.126667 0.016250
0 0.418889 0.443750 0.133333 0.022500
0 0.668889 0.442500 0.106667 0.020000
0 0.919444 0.440625 0.158889 0.023750
0 0.168889 0.516875 0.100000 0.018750
0 0.418889 0.513125 0.137778 0.021250
0 0.668889 0.514375 0.144444 0.023750
0 0.919444 0.514375 0.130000 0.023750
0 0.168889 0.590000 0.100000 0.022500
0 0.419444 0.586875 0.125556 0.023750
0 0.668889 0.589375 0.117778 0.023750
0 0.918889 0.588125 0.113333 0.023750
0 0.168889 0.663750 0.124444 0.025000
0 0.419444 0.661250 0.130000 0.022500
0 0.668889 0.661250 0.102222 0.020000
0 0.919444 0.660625 0.125556 0.023750
0 0.169444 0.740000 0.143333 0.020000
0 0.419444 0.737500 0.096667 0.017500
0 0.668889 0.736875 0.111111 0.023750
0 0.918889 0.740000 0.135556 0.017500
0 0.169444 0.812500 0.114444 0.022500
0 0.419444 0.810000 0.130000 0.022500
0 0.668889 0.813750 0.120000 0.017500
0 0.919444 0.811875 0.110000 0.018750
0 0.168889 0.885000 0.097778 0.025000
0 0.419444 0.885625 0.118889 0.016250
0 0.669444 0.885625 0.105556 0.018750
0 0.919444 0.886250 0.121111 0.017500
0 0.169444 0.957500 0.130000 0.025000
0 0.418889 0.956250 0.120000 0.022500
0 0.668889 0.960625 0.106667 0.018750
0 0.919444 0.961250 0.134444 0.017500