0 0.169444 0.070000 0.134444 0.017500
0 0.419444 0.068750 0.121111 0.017500
0 0.668889 0.068750 0.086667 0.017500
0 0.918889 0.070000 0.122222 0.017500
0 0.169444 0.134375 0.130000 0.023750
0 0.419444 0.133125 0.098889 0.023750
0 0.669444 0.136875 0.105556 0.018750
0 0.919444 0.135625 0.121111 0.023750
0 0.168889 0.210000 0.133333 0.025000
0 0.418889 0.206875 0.100000 0.018750
0 0.668889 0.209375 0.124444 0.018750
0 0.918889 0.210625 0.133333 0.018750
0 0.168889 0.286875 0.137778 0.018750
0 0.419444 0.286250 0.125556 0.020000
0 0.669444 0.285000 0.114444 0.022500
0 0.919444 0.285625 0.098889 0.018750
0 0.168889 0.356250 0.104444 0.017500
0 0.419444 0.356875 0.110000 0.016250
0 0.669444 0.356875 0.123333 0.021250
0 0.919444 0.354375 0.138889 0.021250
0 0.168889 0.425625 0.133333 0.021250
0 0.418889 0.426250 0.115556 0.022500
0 0.668889 0.428125 0.111111 0.016250
0 0.919444 0.427500 0.125556 0.022500
0 0.169444 0.498750 0.125556 0.020000
0 0.419444 0.501250 0.123333 0.017500
0 0.669444 0.501875 0.121111 0.018750
0 0.918889 0.498750 0.144444 0.025000
0 0.169444 0.573750 0.130000 0.025000
0 0.419444 0.576875 0.127778 0.016250
0 0.668889 0.577500 0.120000 0.017500
0 0.918889 0.577500 0.135556 0.017500
0 0.169444 0.647500 0.118889 0.022500
0 0.418889 0.648750 0.102222 0.020000
0 0.668889 0.651250 0.120000 0.025000
0 0.919444 0.649375 0.130000 0.023750
0 0.168889 0.722500 0.120000 0.022500
0 0.419444 0.723125 0.125556 0.023750
0 0.669444 0.722500 0.132222 0.022500
0 0.919444 0.723750 0.130000 0.025000
0 0.169444 0.799375 0.125556 0.026250
0 0.418889 0.802500 0.113333 0.020000
0 0.669444 0.797500 0.118889 0.022500
0 0.919444 0.798750 0.114444 0.022500
0 0.169444 0.880000 0.123333 0.017500
0 0.419444 0.873750 0.118889 0.022500
0 0.669444 0.876875 0.130000 0.021250
0 0.918889 0.877500 0.128889 0.022500
0 0.169444 0.946875 0.125556 0.021250
0 0.418889 0.946250 0.120000 0.022500
0 0.669444 0.950000 0.123333 0.017500
0 0.918889 0.950625 0.115556 0.018750